NUISANCE_PARAMETERS
ElectronER  1.38422 +0.977026 -0.977026
ElectronES  0 +0.993378 -0.993378
ElectronID  0.594419 +0.08161 -0.08161
ElectronRECO  0.444274 +0.997242 -0.997242
L1Prefiring  2.02115 +0.96437 -0.96437
Lumi  -0.441126 +1.03885 -1.03885
PDF  0.0616215 +0.992782 -0.992782
PS_FSR  -0.576481 +0.508385 -0.508385
Pileup  -1.57916 +0.601999 -0.601999
QCDScale  -1.9774 +0.391596 -0.391596
XS_DYtautau  -1.81064 +0.93155 -0.93155
XS_TTbar  0.403744 +0.957602 -0.957602
XS_VV  0.00273753 +0.992243 -0.992243
XS_WJets  -0.877782 +0.928871 -0.928871
gamma_stat_ee_SR_bin_0  0.969793 +0.00837416 -0.00837416
gamma_stat_ee_SR_bin_1  1.00203 +0.0090447 -0.0090447
gamma_stat_ee_SR_bin_10  1.008 +0.00325145 -0.00325145
gamma_stat_ee_SR_bin_11  1.0172 +0.00274004 -0.00274004
gamma_stat_ee_SR_bin_12  1.00631 +0.00195506 -0.00195506
gamma_stat_ee_SR_bin_13  1.00097 +0.00135241 -0.00135241
gamma_stat_ee_SR_bin_14  0.996444 +0.00102774 -0.00102774
gamma_stat_ee_SR_bin_15  1.00702 +0.00212915 -0.00212915
gamma_stat_ee_SR_bin_16  0.997755 +0.00112708 -0.00112708
gamma_stat_ee_SR_bin_17  0.980232 +0.00178064 -0.00178064
gamma_stat_ee_SR_bin_18  0.981062 +0.00253472 -0.00253472
gamma_stat_ee_SR_bin_19  1.00332 +0.00321334 -0.00321334
gamma_stat_ee_SR_bin_2  0.944884 +0.00702224 -0.00702224
gamma_stat_ee_SR_bin_20  0.999897 +0.00400232 -0.00400232
gamma_stat_ee_SR_bin_21  1.02217 +0.00555781 -0.00555781
gamma_stat_ee_SR_bin_22  1.01271 +0.00597039 -0.00597039
gamma_stat_ee_SR_bin_23  1.04068 +0.0068023 -0.0068023
gamma_stat_ee_SR_bin_24  1.01301 +0.00678585 -0.00678585
gamma_stat_ee_SR_bin_25  1.01124 +0.00763494 -0.00763494
gamma_stat_ee_SR_bin_26  1.02856 +0.0093314 -0.0093314
gamma_stat_ee_SR_bin_27  1.04846 +0.0105688 -0.0105688
gamma_stat_ee_SR_bin_28  1.02131 +0.0112248 -0.0112248
gamma_stat_ee_SR_bin_29  1.02379 +0.0112128 -0.0112128
gamma_stat_ee_SR_bin_3  0.964024 +0.00678244 -0.00678244
gamma_stat_ee_SR_bin_4  0.974133 +0.0068666 -0.0068666
gamma_stat_ee_SR_bin_5  0.981168 +0.00563066 -0.00563066
gamma_stat_ee_SR_bin_6  0.993246 +0.00523083 -0.00523083
gamma_stat_ee_SR_bin_7  1.00415 +0.00457938 -0.00457938
gamma_stat_ee_SR_bin_8  0.986032 +0.00424982 -0.00424982
gamma_stat_ee_SR_bin_9  0.994886 +0.00396036 -0.00396036
mu_comb  0.920419 +0.0153422 -0.0153422


CORRELATION_MATRIX
45   45
-0.00865132   -0.0262545   -0.0647112   -0.067439   -0.0450329   -0.010324   0.0350248   0.0200845   -0.00789326   -0.020461   0.0165004   0.000849047   -0.01834   0.00508874   -0.00586711   -0.0459963   -0.0265188   0.0446828   0.0214618   0.0955148   0.133274   0.0712491   0.0203317   0.0286364   -0.0466551   0.00367796   0.0463543   -0.0169452   -0.0283696   -0.0226625   0.00540539   0.00379451   -0.00317342   -0.0099899   -0.00382145   0.0135569   0.11929   -0.0135002   0.000306145   -0.00254372   -0.0627483   -0.0081014   0.109329   -2.32559e-05   1   
-0.00019663   -2.07454e-05   -2.98523e-06   1.3074e-05   1.41075e-05   1.6815e-05   -1.40442e-05   -2.51274e-06   -5.93174e-06   7.22541e-06   -1.30902e-05   -1.23867e-05   -4.17494e-06   -1.82771e-05   8.02176e-06   2.75729e-05   2.93628e-05   1.44255e-05   -1.636e-05   1.00983e-05   -2.33688e-06   9.4348e-06   -1.98013e-05   4.96647e-06   -1.12773e-05   1.27984e-05   7.3151e-06   2.74087e-05   5.87526e-06   3.98128e-05   6.0983e-06   -1.49291e-06   -2.41029e-05   -2.59829e-06   -2.47595e-05   -5.97788e-05   -8.73319e-05   2.76229e-06   -8.39958e-07   0.000162691   -0.000120709   1.43933e-05   4.13566e-05   1   -2.32559e-05   
-0.343356   -0.430118   -0.379081   -0.113652   -0.0220014   -0.000555818   -0.184274   -0.0273488   0.180492   0.028368   0.00630008   -0.0510503   0.094578   0.0187223   0.170421   0.280435   0.347302   0.185029   -0.0653354   0.128848   0.162877   0.138545   0.17527   -0.2102   -0.0259518   -0.288365   -0.417308   -0.370569   -0.431978   0.18365   0.0896601   -0.0378939   0.0168256   0.0331357   -0.00851117   -0.424184   -0.490336   0.243821   0.00636004   0.00274656   -0.191307   -0.310466   1   4.13566e-05   0.109329   
-0.305833   0.00395464   0.00990336   0.00451108   -0.0127886   -0.00240171   0.00929365   -0.00441793   -0.0458977   -0.0377202   -0.0147165   -0.024132   -0.0268815   -0.0276039   0.00853927   -0.0157358   0.000581808   0.0227296   -0.0183824   0.0281389   0.025869   0.0377227   0.012037   0.00158226   -0.00465104   -0.0133355   -0.0109057   -0.00675629   -0.00846156   0.0137116   -0.014791   -0.00148213   -0.00218284   -0.00795379   -0.00802198   -0.0560935   0.00775124   -0.0245586   -0.00144594   0.0325257   0.00953905   1   -0.310466   1.43933e-05   -0.0081014   
0.318111   0.0713136   -0.0281055   -0.0276566   -0.0478562   -0.0995507   -0.0208114   -0.0327697   0.108745   -0.0295242   0.0592644   0.0431047   0.0671007   0.10444   0.0438595   -0.00529251   0.0242534   0.0309496   -0.00784259   0.059119   0.146927   0.162096   0.143544   0.101514   -0.0466564   0.0121049   0.0107226   -0.0562787   -0.0175126   -0.136946   -0.0299655   0.00287524   -0.00944212   0.0164192   -0.0175922   0.120924   0.216375   0.084739   0.00086111   0.0755745   1   0.00953905   -0.191307   -0.000120709   -0.0627483   
-0.747687   0.00319803   -0.0213746   -0.0149469   -0.044336   -0.0305126   -0.0144875   -0.0288634   0.000256214   -0.0273142   0.00428352   -0.0247414   -0.0251846   -0.0205614   0.0254476   -0.00780706   0.0127195   0.023289   -0.0827785   0.0118126   0.0221895   0.0295685   0.0257834   0.00657511   -0.0108779   0.014706   0.00644627   0.00125642   -0.0114801   0.00211972   -0.0389269   -0.0205576   -0.00441687   -0.0117558   -0.0353679   -0.132738   0.00859362   -0.000753168   -0.00206752   1   0.0755745   0.0325257   0.00274656   0.000162691   -0.00254372   
-0.000907707   0.00564079   0.00423797   0.00768421   -0.00255913   0.00325541   0.00274114   -0.00491527   0.00181837   -0.0162034   -0.00124025   -0.0154611   -0.0117531   -0.0139249   -0.00391397   -0.00970095   -0.00279393   -0.00137196   -0.00857674   -0.00489773   -0.00508814   0.00248719   0.015189   0.00488477   0.00390014   0.0025411   -0.00387305   0.000270117   -0.00450381   0.00658359   -0.0069756   -0.000718833   -0.00164797   -0.00808934   -0.000796191   -0.0461225   -0.00131799   -0.00457467   1   -0.00206752   0.00086111   -0.00144594   0.00636004   -8.39958e-07   0.000306145   
-0.142442   0.119535   -0.225275   0.0737418   0.27324   0.0677078   -0.252856   0.173723   0.230973   -0.509497   -0.284159   -0.436735   -0.0357253   0.0593336   -0.0467602   0.136695   0.370587   0.0941566   0.051814   -0.096103   0.451341   -0.139856   -0.125654   -0.15622   -0.197386   -0.216854   0.0655056   0.0281197   0.0806264   -0.189773   0.151893   -0.140184   -0.00853347   -0.0577807   0.0332993   -0.0860769   -0.256442   1   -0.00457467   -0.000753168   0.084739   -0.0245586   0.243821   2.76229e-06   -0.0135002   
0.47773   0.352392   0.220831   -0.0214292   -0.131415   0.0183112   0.410595   0.211748   -0.00407074   -0.0532755   0.243293   0.125825   -0.0578011   0.0866439   -0.0173425   -0.392823   -0.422686   -0.163343   0.203617   -0.235625   -0.23694   -0.389492   -0.0577735   -0.167552   0.0864917   -0.0461606   0.00753923   -0.168469   0.0491716   -0.0928749   0.0900206   0.0545159   -0.000701488   0.0158772   0.0596875   0.1206   1   -0.256442   -0.00131799   0.00859362   0.216375   0.00775124   -0.490336   -8.73319e-05   0.11929   
0.270975   0.0171298   0.039526   -0.12972   -0.0632879   -0.254225   -0.236061   -0.297097   -0.328559   -0.0506528   -0.298268   -0.040236   -0.1345   -0.0651178   -0.370286   -0.19663   -0.278677   -0.27958   -0.125059   -0.101351   -0.119987   -0.00826919   0.00835449   -0.00613872   0.194569   0.149097   0.163595   0.103806   0.141905   -0.546921   -0.391354   -0.0449251   -0.0872895   -0.393296   -0.161802   1   0.1206   -0.0860769   -0.0461225   -0.132738   0.120924   -0.0560935   -0.424184   -5.97788e-05   0.0135569   
0.0483941   0.061787   0.00420726   -0.00257811   -0.0352542   -0.0335867   -0.0173008   -0.0570605   0.0890899   0.00170298   0.082939   0.0202019   0.0352328   0.0390033   0.0734357   0.0143459   0.0314921   0.0484913   -0.133468   -0.000357428   0.0271545   -0.0373422   -0.0214114   -0.0107113   -0.028806   -0.00367879   0.0234786   0.0182815   0.021493   -0.0874552   -0.14563   -0.0132666   -0.000771518   0.0047395   1   -0.161802   0.0596875   0.0332993   -0.000796191   -0.0353679   -0.0175922   -0.00802198   -0.00851117   -2.47595e-05   -0.00382145   
0.0212966   -0.00618488   -0.0263963   -0.0299894   -0.0983481   -0.0150083   0.0222736   -0.00324549   -0.0983128   -0.129996   -0.0394724   -0.127046   -0.126289   -0.148693   0.00025525   -0.0727619   -0.034245   0.0183344   -0.0689756   -0.00720033   0.000748519   0.0367271   0.0412555   0.00350112   -0.0130752   0.0509989   0.0162325   0.0170814   -0.0294742   0.111205   0.0191413   -0.00794068   -0.0183972   1   0.0047395   -0.393296   0.0158772   -0.0577807   -0.00808934   -0.0117558   0.0164192   -0.00795379   0.0331357   -2.59829e-06   -0.0099899   
-0.0115009   -0.00602913   -0.0101793   -0.0128648   -0.0256015   -0.00481792   -0.000399417   -0.00179274   -0.0131825   -0.0235848   -0.0074924   -0.0249821   -0.0253093   -0.0275673   0.00373695   -0.0137185   -0.00715109   0.00448663   -0.0184205   -0.00373739   -0.00212133   0.00216178   0.00290729   0.00135471   0.00289061   0.0179949   0.00744712   0.0056476   -0.00817724   0.0213334   0.00587972   -0.00263109   1   -0.0183972   -0.000771518   -0.0872895   -0.000701488   -0.00853347   -0.00164797   -0.00441687   -0.00944212   -0.00218284   0.0168256   -2.41029e-05   -0.00317342   
0.0491145   0.0115282   0.0100528   -0.00380064   -0.0806963   -0.0549462   0.0387576   -0.0218082   -0.0395632   0.0883561   0.0156694   0.0573126   -0.065728   0.0144759   0.0427936   -0.0460136   -0.0343068   -0.0122572   -0.207813   0.00181908   -0.0782759   0.00819303   0.0240893   0.0190216   0.0255489   0.0407304   0.00448023   -0.0100491   0.00417349   0.0769379   -0.0112642   1   -0.00263109   -0.00794068   -0.0132666   -0.0449251   0.0545159   -0.140184   -0.000718833   -0.0205576   0.00287524   -0.00148213   -0.0378939   -1.49291e-06   0.00379451   
0.0373219   0.128323   0.0512529   0.127074   0.119604   0.200426   0.203914   0.278918   0.216539   -0.0309435   0.1628   0.008863   0.0833659   0.0913776   0.169577   0.0606459   0.117034   0.120223   0.206649   -0.00276189   0.0892248   -0.0913153   -0.0477632   -0.0444934   -0.0919588   -0.0737317   -0.00825082   -0.0139958   0.0225962   0.26397   1   -0.0112642   0.00587972   0.0191413   -0.14563   -0.391354   0.0900206   0.151893   -0.0069756   -0.0389269   -0.0299655   -0.014791   0.0896601   6.0983e-06   0.00540539   
-0.0937175   -0.0238399   0.0735054   0.114429   0.0379603   0.191889   0.224045   0.177344   0.166083   0.204758   0.258557   0.162486   0.128579   0.0498962   0.251002   0.137299   0.118098   0.167837   0.120543   0.118429   -0.0181665   0.0791306   0.0244138   0.0670211   -0.0601279   0.00937282   -0.0636048   0.00214772   -0.0498143   1   0.26397   0.0769379   0.0213334   0.111205   -0.0874552   -0.546921   -0.0928749   -0.189773   0.00658359   0.00211972   -0.136946   0.0137116   0.18365   3.98128e-05   -0.0226625   
0.120974   0.282168   0.209996   0.150001   0.142864   0.0806483   0.0495475   0.0736672   -0.0251282   -0.070693   -0.0585314   -0.0480871   -0.0243645   0.00720368   -0.066167   -0.0388562   -0.0310512   -0.0188878   0.0572446   -0.015571   0.0686128   -0.00170881   -0.0734519   0.0727898   0.0315525   0.243876   0.36421   0.359545   1   -0.0498143   0.0225962   0.00417349   -0.00817724   -0.0294742   0.021493   0.141905   0.0491716   0.0806264   -0.00450381   -0.0114801   -0.0175126   -0.00846156   -0.431978   5.87526e-06   -0.0283696   
0.0214236   0.20469   0.198893   0.160351   0.151899   0.0767114   -0.0155468   0.00643861   -0.0496807   -0.00295679   -0.0836133   -0.0313259   -0.00525952   -0.0230141   -0.0523466   0.0450531   0.0356587   0.0229901   0.00393802   0.070565   0.0986395   0.137988   -0.0326637   0.142778   0.0388067   0.318041   0.39752   1   0.359545   0.00214772   -0.0139958   -0.0100491   0.0056476   0.0170814   0.0182815   0.103806   -0.168469   0.0281197   0.000270117   0.00125642   -0.0562787   -0.00675629   -0.370569   2.74087e-05   -0.0169452   
0.0931105   0.268202   0.205739   0.1454   0.137868   0.0651411   0.0228091   0.041155   -0.0462889   -0.0620193   -0.077611   -0.0479482   -0.0261476   -0.000852336   -0.0707998   -0.0213799   -0.0150631   0.00011743   0.0315748   0.0319475   0.112619   0.0866069   0.00994085   0.0314529   0.102851   0.316883   1   0.39752   0.36421   -0.0636048   -0.00825082   0.00448023   0.00744712   0.0162325   0.0234786   0.163595   0.00753923   0.0655056   -0.00387305   0.00644627   0.0107226   -0.0109057   -0.417308   7.3151e-06   0.0463543   
0.042933   0.11998   0.192295   0.0910701   0.0383885   0.0194483   0.0332902   -0.058204   -0.100982   0.118444   -0.00318915   0.0873835   0.00902323   -0.0160019   -0.0246429   0.011931   -0.0469652   0.0174966   -0.0232736   0.121595   0.0267174   0.237461   0.186946   -0.0347516   0.254641   1   0.316883   0.318041   0.243876   0.00937282   -0.0737317   0.0407304   0.0179949   0.0509989   -0.00367879   0.149097   -0.0461606   -0.216854   0.0025411   0.014706   0.0121049   -0.0133355   -0.288365   1.27984e-05   0.00367796   
0.0030667   0.00675455   0.0702742   -0.0134358   -0.0414475   -0.036673   0.0255358   -0.0675682   -0.0980113   0.0883643   0.0094911   0.0863805   -0.00159667   0.00642944   -0.0244168   -0.026935   -0.0766379   -0.00771335   -0.0175451   0.0719031   -0.00867699   0.170091   0.345506   -0.35663   1   0.254641   0.102851   0.0388067   0.0315525   -0.0601279   -0.0919588   0.0255489   0.00289061   -0.0130752   -0.028806   0.194569   0.0864917   -0.197386   0.00390014   -0.0108779   -0.0466564   -0.00465104   -0.0259518   -1.12773e-05   -0.0466551   
0.0606333   -0.0296147   0.0556636   0.0226784   -0.0103516   -0.0136823   -0.031374   -0.0797303   -0.0437225   0.112368   0.00190065   0.0546077   0.0103937   -0.0534331   -0.017424   0.0227405   -0.0268967   -0.0309501   -0.0573797   0.0209933   -0.102196   0.0111189   -0.300112   1   -0.35663   -0.0347516   0.0314529   0.142778   0.0727898   0.0670211   -0.0444934   0.0190216   0.00135471   0.00350112   -0.0107113   -0.00613872   -0.167552   -0.15622   0.00488477   0.00657511   0.101514   0.00158226   -0.2102   4.96647e-06   0.0286364   
-0.0688358   -0.0953143   -0.0286803   -0.026615   -0.0459203   -0.034452   -0.0175114   -0.0705544   -0.00389452   0.111292   0.046624   0.0918712   0.0549434   0.0312048   0.0667038   0.0809613   0.0591254   0.0856804   -0.0391106   0.1572   0.0920172   0.283658   1   -0.300112   0.345506   0.186946   0.00994085   -0.0326637   -0.0734519   0.0244138   -0.0477632   0.0240893   0.00290729   0.0412555   -0.0214114   0.00835449   -0.0577735   -0.125654   0.015189   0.0257834   0.143544   0.012037   0.17527   -1.98013e-05   0.0203317   
-0.152675   -0.16541   -0.0290197   0.00940663   -0.000749114   -0.0348874   -0.127751   -0.157128   -0.0254583   0.182026   -0.0135244   0.0913888   0.079719   -0.0116704   0.062457   0.195163   0.156236   0.124507   -0.109697   0.251877   0.134032   1   0.283658   0.0111189   0.170091   0.237461   0.0866069   0.137988   -0.00170881   0.0791306   -0.0913153   0.00819303   0.00216178   0.0367271   -0.0373422   -0.00826919   -0.389492   -0.139856   0.00248719   0.0295685   0.162096   0.0377227   0.138545   9.4348e-06   0.0712491   
-0.122598   0.0401734   -0.0975097   0.0698827   0.155861   0.0585017   -0.123957   0.0755266   0.149783   -0.177637   -0.0991481   -0.163708   0.0382777   0.0520823   0.0450417   0.157446   0.268757   0.139463   0.0208646   0.0865793   1   0.134032   0.0920172   -0.102196   -0.00867699   0.0267174   0.112619   0.0986395   0.0686128   -0.0181665   0.0892248   -0.0782759   -0.00212133   0.000748519   0.0271545   -0.119987   -0.23694   0.451341   -0.00508814   0.0221895   0.146927   0.025869   0.162877   -2.33688e-06   0.133274   
-0.107062   -0.100538   -0.0118115   0.0238418   0.0113147   0.0178894   -0.0328716   -0.0521584   0.0309179   0.140134   0.0457099   0.0836431   0.0777256   0.0127953   0.0866106   0.141901   0.119319   0.108182   -0.0347469   1   0.0865793   0.251877   0.1572   0.0209933   0.0719031   0.121595   0.0319475   0.070565   -0.015571   0.118429   -0.00276189   0.00181908   -0.00373739   -0.00720033   -0.000357428   -0.101351   -0.235625   -0.096103   -0.00489773   0.0118126   0.059119   0.0281389   0.128848   1.00983e-05   0.0955148   
0.146435   0.1488   0.0974016   0.0893637   0.0870663   0.14465   0.189787   0.207831   0.124461   -0.0193483   0.131268   0.0359071   0.0635073   0.0743971   0.0750487   -0.0177009   -0.00643922   0.0367113   1   -0.0347469   0.0208646   -0.109697   -0.0391106   -0.0573797   -0.0175451   -0.0232736   0.0315748   0.00393802   0.0572446   0.120543   0.206649   -0.207813   -0.0184205   -0.0689756   -0.133468   -0.125059   0.203617   0.051814   -0.00857674   -0.0827785   -0.00784259   -0.0183824   -0.0653354   -1.636e-05   0.0214618   
-0.11403   -0.0241925   -0.0281108   0.0639969   0.0674178   0.0887875   0.023016   0.0781163   0.139798   0.0356088   0.0770102   0.0175866   0.0853454   0.0498046   0.137503   0.14392   0.177702   1   0.0367113   0.108182   0.139463   0.124507   0.0856804   -0.0309501   -0.00771335   0.0174966   0.00011743   0.0229901   -0.0188878   0.167837   0.120223   -0.0122572   0.00448663   0.0183344   0.0484913   -0.27958   -0.163343   0.0941566   -0.00137196   0.023289   0.0309496   0.0227296   0.185029   1.44255e-05   0.0446828   
-0.227119   -0.0869972   -0.138169   0.0691837   0.144316   0.0802431   -0.135527   0.0552955   0.183246   -0.0664913   -0.0482129   -0.10569   0.0847826   0.0454027   0.116531   0.247729   1   0.177702   -0.00643922   0.119319   0.268757   0.156236   0.0591254   -0.0268967   -0.0766379   -0.0469652   -0.0150631   0.0356587   -0.0310512   0.118098   0.117034   -0.0343068   -0.00715109   -0.034245   0.0314921   -0.278677   -0.422686   0.370587   -0.00279393   0.0127195   0.0242534   0.000581808   0.347302   2.93628e-05   -0.0265188   
-0.180071   -0.123314   -0.0822938   0.0510566   0.0894015   0.0571182   -0.0988896   -0.00515409   0.116628   0.0608099   0.000302991   -0.00158052   0.0971449   0.0293876   0.108127   1   0.247729   0.14392   -0.0177009   0.141901   0.157446   0.195163   0.0809613   0.0227405   -0.026935   0.011931   -0.0213799   0.0450531   -0.0388562   0.137299   0.0606459   -0.0460136   -0.0137185   -0.0727619   0.0143459   -0.19663   -0.392823   0.136695   -0.00970095   -0.00780706   -0.00529251   -0.0157358   0.280435   2.75729e-05   -0.0459963   
-0.0481253   -0.0100471   0.0127895   0.0647362   0.0243002   0.113511   0.137145   0.12463   0.171527   0.113804   0.194561   0.107334   0.112711   0.0767586   1   0.108127   0.116531   0.137503   0.0750487   0.0866106   0.0450417   0.062457   0.0667038   -0.017424   -0.0244168   -0.0246429   -0.0707998   -0.0523466   -0.066167   0.251002   0.169577   0.0427936   0.00373695   0.00025525   0.0734357   -0.370286   -0.0173425   -0.0467602   -0.00391397   0.0254476   0.0438595   0.00853927   0.170421   8.02176e-06   -0.00586711   
0.073204   0.0624544   0.0228366   0.0433025   0.0430169   0.0572918   0.0763464   0.0925813   0.113309   0.0160712   0.0894396   0.0432591   0.06404   1   0.0767586   0.0293876   0.0454027   0.0498046   0.0743971   0.0127953   0.0520823   -0.0116704   0.0312048   -0.0534331   0.00642944   -0.0160019   -0.000852336   -0.0230141   0.00720368   0.0498962   0.0913776   0.0144759   -0.0275673   -0.148693   0.0390033   -0.0651178   0.0866439   0.0593336   -0.0139249   -0.0205614   0.10444   -0.0276039   0.0187223   -1.82771e-05   0.00508874   
0.0107861   -0.0186852   0.0180814   0.0466383   0.0364083   0.0674299   0.0601766   0.0528982   0.11083   0.106704   0.11744   0.0940884   1   0.06404   0.112711   0.0971449   0.0847826   0.0853454   0.0635073   0.0777256   0.0382777   0.079719   0.0549434   0.0103937   -0.00159667   0.00902323   -0.0261476   -0.00525952   -0.0243645   0.128579   0.0833659   -0.065728   -0.0253093   -0.126289   0.0352328   -0.1345   -0.0578011   -0.0357253   -0.0117531   -0.0251846   0.0671007   -0.0268815   0.094578   -4.17494e-06   -0.01834   
0.107799   -0.0382428   0.115988   0.00564616   -0.0868371   0.0232422   0.172034   -0.0145894   0.00107501   0.289805   0.221936   1   0.0940884   0.0432591   0.107334   -0.00158052   -0.10569   0.0175866   0.0359071   0.0836431   -0.163708   0.0913888   0.0918712   0.0546077   0.0863805   0.0873835   -0.0479482   -0.0313259   -0.0480871   0.162486   0.008863   0.0573126   -0.0249821   -0.127046   0.0202019   -0.040236   0.125825   -0.436735   -0.0154611   -0.0247414   0.0431047   -0.024132   -0.0510503   -1.23867e-05   0.000849047   
0.109472   0.0505913   0.113372   0.0530349   -0.0408119   0.113549   0.27441   0.142328   0.133195   0.203083   1   0.221936   0.11744   0.0894396   0.194561   0.000302991   -0.0482129   0.0770102   0.131268   0.0457099   -0.0991481   -0.0135244   0.046624   0.00190065   0.0094911   -0.00318915   -0.077611   -0.0836133   -0.0585314   0.258557   0.1628   0.0156694   -0.0074924   -0.0394724   0.082939   -0.298268   0.243293   -0.284159   -0.00124025   0.00428352   0.0592644   -0.0147165   0.00630008   -1.30902e-05   0.0165004   
0.025307   -0.130195   0.0953307   -0.00155003   -0.0956822   0.00852025   0.11562   -0.082554   -0.0304226   1   0.203083   0.289805   0.106704   0.0160712   0.113804   0.0608099   -0.0664913   0.0356088   -0.0193483   0.140134   -0.177637   0.182026   0.111292   0.112368   0.0883643   0.118444   -0.0620193   -0.00295679   -0.070693   0.204758   -0.0309435   0.0883561   -0.0235848   -0.129996   0.00170298   -0.0506528   -0.0532755   -0.509497   -0.0162034   -0.0273142   -0.0295242   -0.0377202   0.028368   7.22541e-06   -0.020461   
0.00063769   0.0630984   -0.024727   0.0886605   0.105925   0.135502   0.0937893   0.191429   1   -0.0304226   0.133195   0.00107501   0.11083   0.113309   0.171527   0.116628   0.183246   0.139798   0.124461   0.0309179   0.149783   -0.0254583   -0.00389452   -0.0437225   -0.0980113   -0.100982   -0.0462889   -0.0496807   -0.0251282   0.166083   0.216539   -0.0395632   -0.0131825   -0.0983128   0.0890899   -0.328559   -0.00407074   0.230973   0.00181837   0.000256214   0.108745   -0.0458977   0.180492   -5.93174e-06   -0.00789326   
0.0865063   0.202161   0.0836444   0.123998   0.116822   0.183743   0.215869   1   0.191429   -0.082554   0.142328   -0.0145894   0.0528982   0.0925813   0.12463   -0.00515409   0.0552955   0.0781163   0.207831   -0.0521584   0.0755266   -0.157128   -0.0705544   -0.0797303   -0.0675682   -0.058204   0.041155   0.00643861   0.0736672   0.177344   0.278918   -0.0218082   -0.00179274   -0.00324549   -0.0570605   -0.297097   0.211748   0.173723   -0.00491527   -0.0288634   -0.0327697   -0.00441793   -0.0273488   -2.51274e-06   0.0200845   
0.187391   0.188425   0.193416   0.0872628   -0.0117913   0.145365   1   0.215869   0.0937893   0.11562   0.27441   0.172034   0.0601766   0.0763464   0.137145   -0.0988896   -0.135527   0.023016   0.189787   -0.0328716   -0.123957   -0.127751   -0.0175114   -0.031374   0.0255358   0.0332902   0.0228091   -0.0155468   0.0495475   0.224045   0.203914   0.0387576   -0.000399417   0.0222736   -0.0173008   -0.236061   0.410595   -0.252856   0.00274114   -0.0144875   -0.0208114   0.00929365   -0.184274   -1.40442e-05   0.0350248   
0.00665611   0.116375   0.08522   0.119237   0.108181   1   0.145365   0.183743   0.135502   0.00852025   0.113549   0.0232422   0.0674299   0.0572918   0.113511   0.0571182   0.0802431   0.0887875   0.14465   0.0178894   0.0585017   -0.0348874   -0.034452   -0.0136823   -0.036673   0.0194483   0.0651411   0.0767114   0.0806483   0.191889   0.200426   -0.0549462   -0.00481792   -0.0150083   -0.0335867   -0.254225   0.0183112   0.0677078   0.00325541   -0.0305126   -0.0995507   -0.00240171   -0.000555818   1.6815e-05   -0.010324   
-0.0182037   0.115033   0.0340783   0.114539   1   0.108181   -0.0117913   0.116822   0.105925   -0.0956822   -0.0408119   -0.0868371   0.0364083   0.0430169   0.0243002   0.0894015   0.144316   0.0674178   0.0870663   0.0113147   0.155861   -0.000749114   -0.0459203   -0.0103516   -0.0414475   0.0383885   0.137868   0.151899   0.142864   0.0379603   0.119604   -0.0806963   -0.0256015   -0.0983481   -0.0352542   -0.0632879   -0.131415   0.27324   -0.00255913   -0.044336   -0.0478562   -0.0127886   -0.0220014   1.41075e-05   -0.0450329   
0.0241525   0.141761   0.107623   1   0.114539   0.119237   0.0872628   0.123998   0.0886605   -0.00155003   0.0530349   0.00564616   0.0466383   0.0433025   0.0647362   0.0510566   0.0691837   0.0639969   0.0893637   0.0238418   0.0698827   0.00940663   -0.026615   0.0226784   -0.0134358   0.0910701   0.1454   0.160351   0.150001   0.114429   0.127074   -0.00380064   -0.0128648   -0.0299894   -0.00257811   -0.12972   -0.0214292   0.0737418   0.00768421   -0.0149469   -0.0276566   0.00451108   -0.113652   1.3074e-05   -0.067439   
0.173164   0.212569   1   0.107623   0.0340783   0.08522   0.193416   0.0836444   -0.024727   0.0953307   0.113372   0.115988   0.0180814   0.0228366   0.0127895   -0.0822938   -0.138169   -0.0281108   0.0974016   -0.0118115   -0.0975097   -0.0290197   -0.0286803   0.0556636   0.0702742   0.192295   0.205739   0.198893   0.209996   0.0735054   0.0512529   0.0100528   -0.0101793   -0.0263963   0.00420726   0.039526   0.220831   -0.225275   0.00423797   -0.0213746   -0.0281055   0.00990336   -0.379081   -2.98523e-06   -0.0647112   
0.222329   1   0.212569   0.141761   0.115033   0.116375   0.188425   0.202161   0.0630984   -0.130195   0.0505913   -0.0382428   -0.0186852   0.0624544   -0.0100471   -0.123314   -0.0869972   -0.0241925   0.1488   -0.100538   0.0401734   -0.16541   -0.0953143   -0.0296147   0.00675455   0.11998   0.268202   0.20469   0.282168   -0.0238399   0.128323   0.0115282   -0.00602913   -0.00618488   0.061787   0.0171298   0.352392   0.119535   0.00564079   0.00319803   0.0713136   0.00395464   -0.430118   -2.07454e-05   -0.0262545   
1   0.222329   0.173164   0.0241525   -0.0182037   0.00665611   0.187391   0.0865063   0.00063769   0.025307   0.109472   0.107799   0.0107861   0.073204   -0.0481253   -0.180071   -0.227119   -0.11403   0.146435   -0.107062   -0.122598   -0.152675   -0.0688358   0.0606333   0.0030667   0.042933   0.0931105   0.0214236   0.120974   -0.0937175   0.0373219   0.0491145   -0.0115009   0.0212966   0.0483941   0.270975   0.47773   -0.142442   -0.000907707   -0.747687   0.318111   -0.305833   -0.343356   -0.00019663   -0.00865132   


NLL
519.41532

