NUISANCE_PARAMETERS
AlphaS  -0.181528 +0.991841 -0.991841
FakeMethod_mumu  -0.00707734 +0.991111 -0.991111
FakeStat_mumu  0.0166334 +0.990074 -0.990074
L1Prefiring  -0.0679147 +1.01455 -1.01455
Lumi  0.0344153 +1.07398 -1.07398
MuonID  0.0985294 +0.995134 -0.995134
MuonIso  -1.66096 +0.830875 -0.830875
MuonReco  0.0114864 +0.996858 -0.996858
MuonRes  0.614716 +0.486564 -0.486564
MuonScale  0.0571637 +0.268973 -0.268973
MuonTrigger  -0.896589 +0.948987 -0.948987
PDF  0.45448 +0.960643 -0.960643
PS_FSR  1.20675 +0.902524 -0.902524
PS_ISR  1.28492 +0.951304 -0.951304
Pileup  -0.591662 +0.948268 -0.948268
QCDScale  -0.235077 +0.966981 -0.966981
SigModel  0.280741 +0.123623 -0.123623
XS_DYtautau  -0.182931 +0.978374 -0.978374
XS_SingleTop  0.0592091 +0.99065 -0.99065
XS_TTbar  0.332041 +0.985326 -0.985326
XS_WW  0.0382226 +0.991538 -0.991538
XS_WZ  0.0201543 +0.992425 -0.992425
XS_ZZ  -0.0317054 +0.994574 -0.994574
gamma_stat_mumu_SR_bin_0  1.00115 +0.00355375 -0.00355375
gamma_stat_mumu_SR_bin_1  0.993027 +0.00217419 -0.00217419
gamma_stat_mumu_SR_bin_2  1.0003 +0.000954314 -0.000954314
gamma_stat_mumu_SR_bin_3  1.00008 +0.000746822 -0.000746822
gamma_stat_mumu_SR_bin_4  0.999299 +0.00327874 -0.00327874
gamma_stat_mumu_SR_bin_5  1.01173 +0.0052786 -0.0052786
mu_Z  0.995895 +0.0160422 -0.0160422


CORRELATION_MATRIX
30   30
0.0213779   0.0270611   -0.00478249   0.000723886   0.00132752   -0.0055356   -0.0193858   -0.000167482   0.000168828   9.37663e-05   0.00252867   0.000592858   -0.00891014   0.0178827   -0.00261735   0.00267783   0.0116062   0.0235211   -0.00424832   -0.01783   -0.00789998   0.00723981   -9.38703e-05   -0.0391382   -0.000534102   -0.00372151   0.00520064   -0.000526156   -0.00226058   1   
-0.00341607   0.0115187   -0.0155984   0.0017921   -0.000759834   0.0318455   -0.0343277   0.000462692   0.000297175   -0.000779898   -0.00483202   -0.000681758   -0.0114406   0.12328   -0.0130703   1.3603e-05   -0.000909041   0.0221561   -0.0167659   -0.0132566   -0.09968   -0.0412823   0.00516716   -0.0300341   -0.00221507   0.00381877   0.00305107   0.0013839   1   -0.00226058   
0.00278363   0.00312173   -0.00883129   0.000849289   -0.000506687   0.0159376   -0.0136706   0.000148916   9.02822e-05   -0.000447011   -0.00225444   -0.000321388   -0.00401803   0.066291   -0.00569044   0.00169175   -0.00247892   0.00940516   -0.00778142   -0.00479501   -0.0548583   -0.0241956   9.14791e-05   -0.0102464   -0.0011195   -0.00142032   0.00791382   1   0.0013839   -0.000526156   
0.393448   0.0156558   0.0246225   -0.00597425   -0.00220744   -0.0183233   0.0264819   0.00130916   0.000738683   0.00536434   0.0222311   0.00404416   0.00449597   -0.0099526   0.045727   0.0346837   0.000169433   0.00216067   0.0287602   0.00450687   0.00533124   -0.000388874   -0.00509413   -0.00565952   -0.00880953   -0.0680005   1   0.00791382   0.00305107   0.00520064   
-0.851502   -0.00136371   -0.0168447   0.00548872   -0.000689353   0.0538694   -0.0393066   0.00208175   -4.72059e-05   0.00125394   0.000504692   -0.00310439   -0.0043601   0.0794901   -0.020839   -0.0282879   0.00951572   0.0132955   -0.0059536   -7.36853e-05   -0.0490625   -0.00357953   0.0598013   -0.0310698   0.0365462   1   -0.0680005   -0.00142032   0.00381877   -0.00372151   
-0.162607   -0.0080742   -0.0154161   0.00270271   -0.000488283   0.022907   -0.0110558   0.000774905   -0.000321806   -0.000298244   -0.00523996   -0.00108162   -0.00182905   0.0488019   -0.0122359   -0.00609765   -0.00548775   0.00525822   -0.00853763   0.000209981   -0.0656771   -0.0473968   0.0189848   0.0114608   1   0.0365462   -0.00880953   -0.0011195   -0.00221507   -0.000534102   
-0.137868   0.298766   -0.0213885   0.00413164   0.0139495   -0.0243486   -0.266061   -0.00291684   0.000937496   -0.000502736   0.0231836   0.00346858   -0.117546   0.298448   -0.0557461   0.0323235   0.140418   0.247247   -0.0592954   -0.224262   0.109403   0.247499   0.00340259   1   0.0114608   -0.0310698   -0.00565952   -0.0102464   -0.0300341   -0.0391382   
-0.305116   0.00361064   -0.00721903   -3.92426e-05   -0.000593167   0.0213666   -0.0157275   0.00148324   0.00139051   0.0004354   0.0028734   -0.000281845   -0.0025868   0.0360439   -0.005307   -0.0113748   0.00705969   0.00786666   -0.00347562   -0.0085474   -0.0182084   0.00201241   1   0.00340259   0.0189848   0.0598013   -0.00509413   9.14791e-05   0.00516716   -9.38703e-05   
-0.0670835   0.00476796   -0.540284   0.0853787   -0.0153871   0.121927   0.0555319   0.000133122   -0.00567502   -0.0186399   -0.101456   -0.0172462   0.0326283   0.0645587   -0.175889   -0.394242   -0.173592   0.278871   -0.144602   0.111476   0.818558   1   0.00201241   0.247499   -0.0473968   -0.00357953   -0.000388874   -0.0241956   -0.0412823   0.00723981   
0.0938989   -0.134571   -0.456273   0.00268525   0.147891   -0.0947589   0.0197489   -0.00385053   -0.00654621   -0.0380803   -0.195267   -0.0314342   -0.00640094   -0.47077   -0.522859   -0.187225   -0.195066   0.0731185   -0.269997   0.0707421   1   0.818558   -0.0182084   0.109403   -0.0656771   -0.0490625   0.00533124   -0.0548583   -0.09968   -0.00789998   
-0.0684688   0.134772   -0.00812564   0.00182967   0.00626409   -0.0154779   -0.118712   -0.00137283   0.000413404   -0.000748894   0.0100409   0.0018248   -0.0528093   0.114769   -0.0249744   0.0240406   0.0641468   0.111451   -0.0243978   1   0.0707421   0.111476   -0.0085474   -0.224262   0.000209981   -7.36853e-05   0.00450687   -0.00479501   -0.0132566   -0.01783   
-0.00369679   -0.00840341   -0.0453858   0.00295849   -0.0115341   0.189886   -0.129547   0.000791438   0.000125951   -0.00420002   -0.0225129   -0.00361502   -0.0353197   0.213606   -0.03133   0.031122   -0.034081   0.0476317   1   -0.0243978   -0.269997   -0.144602   -0.00347562   -0.0592954   -0.00853763   -0.0059536   0.0287602   -0.00778142   -0.0167659   -0.00424832   
-0.0896309   -0.209167   0.109693   -0.0197049   -0.0148283   0.0625335   0.127764   0.00239899   -0.00178312   0.00291383   -0.000225767   -0.000735078   0.0598824   0.349822   0.0553374   0.0563392   -0.0821074   1   0.0476317   0.111451   0.0731185   0.278871   0.00786666   0.247247   0.00525822   0.0132955   0.00216067   0.00940516   0.0221561   0.0235211   
-0.11364   -0.143585   -0.00611185   -0.00292051   -0.0193633   0.196862   -0.0110229   0.0024346   -0.00192886   -0.00327539   -0.0268487   -0.00502096   0.0159398   0.0684339   -0.0015352   0.021691   1   -0.0821074   -0.034081   0.0641468   -0.195066   -0.173592   0.00705969   0.140418   -0.00548775   0.00951572   0.000169433   -0.00247892   -0.000909041   0.0116062   
0.171813   0.0603917   -0.0880329   0.016339   0.015991   -0.192793   0.113968   -0.000264829   0.000176918   0.000731738   0.00646856   0.00122963   0.0243513   -0.0668241   -0.0139848   1   0.021691   0.0563392   0.031122   0.0240406   -0.187225   -0.394242   -0.0113748   0.0323235   -0.00609765   -0.0282879   0.0346837   0.00169175   1.3603e-05   0.00267783   
-0.0696362   0.0302464   -0.0686361   0.00951213   0.00570497   -0.0179087   -0.0248616   0.000170117   0.00123532   -0.0030386   -0.0162442   -0.00216149   -0.0110346   0.675467   1   -0.0139848   -0.0015352   0.0553374   -0.03133   -0.0249744   -0.522859   -0.175889   -0.005307   -0.0557461   -0.0122359   -0.020839   0.045727   -0.00569044   -0.0130703   -0.00261735   
-0.268079   0.327435   -0.0879993   -0.0463415   -0.0553908   0.341213   0.0474394   0.00705346   0.00179375   0.0431162   0.214207   0.0328232   0.0594069   1   0.675467   -0.0668241   0.0684339   0.349822   0.213606   0.114769   -0.47077   0.0645587   0.0360439   0.298448   0.0488019   0.0794901   -0.0099526   0.066291   0.12328   0.0178827   
0.0324308   0.0514245   -0.00889586   -0.000408095   -0.00333527   0.0779253   -0.104596   -0.000247163   0.000376324   -0.00146519   -0.00156574   -5.45129e-05   1   0.0594069   -0.0110346   0.0243513   0.0159398   0.0598824   -0.0353197   -0.0528093   -0.00640094   0.0326283   -0.0025868   -0.117546   -0.00182905   -0.0043601   0.00449597   -0.00401803   -0.0114406   -0.00891014   
0.00201219   -0.00545157   -0.00366049   0.000125052   -0.000933465   0.0108792   -0.00267437   0.000231012   -2.25477e-05   -0.000195072   -0.00174701   1   -5.45129e-05   0.0328232   -0.00216149   0.00122963   -0.00502096   -0.000735078   -0.00361502   0.0018248   -0.0314342   -0.0172462   -0.000281845   0.00346858   -0.00108162   -0.00310439   0.00404416   -0.000321388   -0.000681758   0.000592858   
-0.00683372   -0.0287157   -0.0259792   0.00244759   -0.0041415   0.0642337   -0.0203986   0.000887942   3.37383e-05   -0.0015303   1   -0.00174701   -0.00156574   0.214207   -0.0162442   0.00646856   -0.0268487   -0.000225767   -0.0225129   0.0100409   -0.195267   -0.101456   0.0028734   0.0231836   -0.00523996   0.000504692   0.0222311   -0.00225444   -0.00483202   0.00252867   
-0.00122398   -0.00179688   -0.00489747   0.00020471   -0.000690038   0.0114188   -0.00602992   0.000232461   2.72133e-05   1   -0.0015303   -0.000195072   -0.00146519   0.0431162   -0.0030386   0.000731738   -0.00327539   0.00291383   -0.00420002   -0.000748894   -0.0380803   -0.0186399   0.0004354   -0.000502736   -0.000298244   0.00125394   0.00536434   -0.000447011   -0.000779898   9.37663e-05   
-0.00570035   -0.00222304   0.000944762   -0.000294003   -0.000407627   0.00281607   0.00048817   0.000125964   1   2.72133e-05   3.37383e-05   -2.25477e-05   0.000376324   0.00179375   0.00123532   0.000176918   -0.00192886   -0.00178312   0.000125951   0.000413404   -0.00654621   -0.00567502   0.00139051   0.000937496   -0.000321806   -4.72059e-05   0.000738683   9.02822e-05   0.000297175   0.000168828   
-0.00526881   0.00359591   -0.000847763   0.000167162   0.000587065   -0.0046721   0.000569242   1   0.000125964   0.000232461   0.000887942   0.000231012   -0.000247163   0.00705346   0.000170117   -0.000264829   0.0024346   0.00239899   0.000791438   -0.00137283   -0.00385053   0.000133122   0.00148324   -0.00291684   0.000774905   0.00208175   0.00130916   0.000148916   0.000462692   -0.000167482   
0.124352   0.0644719   -0.0218857   -0.00528778   -0.0224409   0.370467   1   0.000569242   0.00048817   -0.00602992   -0.0203986   -0.00267437   -0.104596   0.0474394   -0.0248616   0.113968   -0.0110229   0.127764   -0.129547   -0.118712   0.0197489   0.0555319   -0.0157275   -0.266061   -0.0110558   -0.0393066   0.0264819   -0.0136706   -0.0343277   -0.0193858   
-0.116058   0.240638   -0.016087   0.020036   0.0673115   1   0.370467   -0.0046721   0.00281607   0.0114188   0.0642337   0.0108792   0.0779253   0.341213   -0.0179087   -0.192793   0.196862   0.0625335   0.189886   -0.0154779   -0.0947589   0.121927   0.0213666   -0.0243486   0.022907   0.0538694   -0.0183233   0.0159376   0.0318455   -0.0055356   
-0.0194706   -0.0277346   0.00731951   -0.00237719   1   0.0673115   -0.0224409   0.000587065   -0.000407627   -0.000690038   -0.0041415   -0.000933465   -0.00333527   -0.0553908   0.00570497   0.015991   -0.0193633   -0.0148283   -0.0115341   0.00626409   0.147891   -0.0153871   -0.000593167   0.0139495   -0.000488283   -0.000689353   -0.00220744   -0.000506687   -0.000759834   0.00132752   
-0.0309644   -0.0143829   0.0233154   1   -0.00237719   0.020036   -0.00528778   0.000167162   -0.000294003   0.00020471   0.00244759   0.000125052   -0.000408095   -0.0463415   0.00951213   0.016339   -0.00292051   -0.0197049   0.00295849   0.00182967   0.00268525   0.0853787   -3.92426e-05   0.00413164   0.00270271   0.00548872   -0.00597425   0.000849289   0.0017921   0.000723886   
0.0157012   0.0573027   1   0.0233154   0.00731951   -0.016087   -0.0218857   -0.000847763   0.000944762   -0.00489747   -0.0259792   -0.00366049   -0.00889586   -0.0879993   -0.0686361   -0.0880329   -0.00611185   0.109693   -0.0453858   -0.00812564   -0.456273   -0.540284   -0.00721903   -0.0213885   -0.0154161   -0.0168447   0.0246225   -0.00883129   -0.0155984   -0.00478249   
-0.0462773   1   0.0573027   -0.0143829   -0.0277346   0.240638   0.0644719   0.00359591   -0.00222304   -0.00179688   -0.0287157   -0.00545157   0.0514245   0.327435   0.0302464   0.0603917   -0.143585   -0.209167   -0.00840341   0.134772   -0.134571   0.00476796   0.00361064   0.298766   -0.0080742   -0.00136371   0.0156558   0.00312173   0.0115187   0.0270611   
1   -0.0462773   0.0157012   -0.0309644   -0.0194706   -0.116058   0.124352   -0.00526881   -0.00570035   -0.00122398   -0.00683372   0.00201219   0.0324308   -0.268079   -0.0696362   0.171813   -0.11364   -0.0896309   -0.00369679   -0.0684688   0.0938989   -0.0670835   -0.305116   -0.137868   -0.162607   -0.851502   0.393448   0.00278363   -0.00341607   0.0213779   


NLL
118.54466

