NUISANCE_PARAMETERS
AlphaS  -0.231835 +0.972717 -0.972717
FakeMethod_mumu  -0.384594 +0.944907 -0.944907
FakeStat_mumu  -0.174414 +0.988594 -0.988594
L1Prefiring  -0.155763 +0.358521 -0.358521
Lumi  -0.142108 +0.217082 -0.217082
MuonID  0.14137 +0.737588 -0.737588
MuonIso  -3.08414 +0.46421 -0.46421
MuonReco  -0.047295 +0.487481 -0.487481
MuonRes  0.0147257 +0.0491146 -0.0491146
MuonScale  0.000117966 +0.0415268 -0.0415268
MuonTrigger  -1.59805 +0.716928 -0.716928
PDF  1.1164 +0.803171 -0.803171
PS_FSR  -0.0919657 +0.504515 -0.504515
PS_ISR  0.973903 +0.718196 -0.718196
Pileup  -0.529411 +0.483161 -0.483161
QCDScale  -0.94461 +0.40683 -0.40683
XS_DYtautau  -0.363654 +0.939359 -0.939359
XS_SingleTop  -0.0226782 +0.985724 -0.985724
XS_TTbar  -0.222282 +0.906055 -0.906055
XS_WW  -0.0728599 +0.983849 -0.983849
XS_WZ  0.0285257 +0.982441 -0.982441
XS_ZZ  -0.0592348 +0.987571 -0.987571
gamma_stat_mumu_SR_bin_0  1.01684 +0.00613787 -0.00613787
gamma_stat_mumu_SR_bin_1  0.991064 +0.00571623 -0.00571623
gamma_stat_mumu_SR_bin_10  0.995892 +0.00245182 -0.00245182
gamma_stat_mumu_SR_bin_11  0.99769 +0.00202284 -0.00202284
gamma_stat_mumu_SR_bin_12  1.0005 +0.00174122 -0.00174122
gamma_stat_mumu_SR_bin_13  1.0026 +0.00139404 -0.00139404
gamma_stat_mumu_SR_bin_14  0.998969 +0.000992213 -0.000992213
gamma_stat_mumu_SR_bin_15  1.00147 +0.000916345 -0.000916345
gamma_stat_mumu_SR_bin_16  0.997493 +0.0010843 -0.0010843
gamma_stat_mumu_SR_bin_17  1.00163 +0.00161591 -0.00161591
gamma_stat_mumu_SR_bin_18  1.00566 +0.00199559 -0.00199559
gamma_stat_mumu_SR_bin_19  1.00784 +0.0025587 -0.0025587
gamma_stat_mumu_SR_bin_2  1.00151 +0.00547994 -0.00547994
gamma_stat_mumu_SR_bin_20  1.00083 +0.00320581 -0.00320581
gamma_stat_mumu_SR_bin_21  0.999459 +0.00360923 -0.00360923
gamma_stat_mumu_SR_bin_22  0.997353 +0.00475375 -0.00475375
gamma_stat_mumu_SR_bin_23  1.00949 +0.00531045 -0.00531045
gamma_stat_mumu_SR_bin_24  0.999651 +0.00564818 -0.00564818
gamma_stat_mumu_SR_bin_25  0.994138 +0.00609505 -0.00609505
gamma_stat_mumu_SR_bin_26  1.00712 +0.00667909 -0.00667909
gamma_stat_mumu_SR_bin_27  1.01614 +0.0101328 -0.0101328
gamma_stat_mumu_SR_bin_28  0.999113 +0.00765639 -0.00765639
gamma_stat_mumu_SR_bin_29  1.01332 +0.00875228 -0.00875228
gamma_stat_mumu_SR_bin_3  0.997396 +0.0051036 -0.0051036
gamma_stat_mumu_SR_bin_4  0.994076 +0.00497331 -0.00497331
gamma_stat_mumu_SR_bin_5  0.99167 +0.00440557 -0.00440557
gamma_stat_mumu_SR_bin_6  0.992825 +0.00381162 -0.00381162
gamma_stat_mumu_SR_bin_7  0.981567 +0.00361824 -0.00361824
gamma_stat_mumu_SR_bin_8  0.994908 +0.00352163 -0.00352163
gamma_stat_mumu_SR_bin_9  0.991691 +0.00287313 -0.00287313
mu_Z  1.00634 +0.0140924 -0.0137423


CORRELATION_MATRIX
53   53
0.0309184   -0.000969792   -0.0330253   -0.00694816   0.00974435   -0.0477937   -0.0143156   -0.0197806   -0.00475353   -0.00409925   0.0448154   0.00123005   0.0202639   0.0168234   0.0135713   0.00590408   -0.0410568   0.0108118   -0.0650629   0.0416068   0.0233708   0.000165079   0.00111096   -0.00494882   0.039863   -0.0192287   -0.0345352   0.0335392   0.00949002   -0.0436692   -0.0138064   -0.00112552   0.00218677   -0.00297128   -0.0168704   -0.00405446   -0.0249658   -0.000682817   -0.022297   0.0436956   0.000874562   -0.0277338   -0.0139933   -0.00719013   0.0231838   0.0133773   -0.038835   0.0227561   -0.00320759   -0.0234641   -0.00603595   -0.0146046   1   
0.0260189   -0.00416921   -0.0663596   -0.0147741   -0.0624404   -0.0218072   -0.0708681   -0.0781402   -0.0582628   -0.0676495   0.0354164   -0.0530397   -0.0632323   -0.0400392   -0.00816801   -0.0508795   -0.0207157   -0.0229977   -0.0314645   0.00426424   -0.00527083   0.0239575   0.0118217   0.0227591   0.00624005   0.03332   -0.000565073   0.00642291   -0.0110146   -0.0218794   -0.03048   -0.000564894   -0.00122269   -0.0161945   -0.0871363   -0.0117079   -0.0384204   -0.107992   -0.00858327   -0.00369183   -0.010499   -0.104367   -0.0303126   -0.00573634   -0.0298169   0.014068   -0.0596684   -0.00896437   0.0181882   -0.0286806   -0.0874623   1   -0.0146046   
0.0113575   -0.00492893   -0.0257573   -0.00569985   -0.0276587   -0.00734199   -0.0355002   -0.0301711   -0.0321962   -0.0318911   0.0162294   -0.031906   -0.0334648   -0.0244424   -0.00737037   -0.0249136   -0.0114937   -0.0113158   -0.0102481   0.00251857   -0.00397816   0.00887045   0.00441059   0.0110611   0.00619092   0.0153741   -0.000760311   0.000302417   -0.00475285   -0.00778737   -0.00480393   -0.000421448   0.00118113   -0.00804349   -0.0388409   -0.00645242   -0.0136619   -0.0468557   -0.000620075   0.00402896   -0.00701284   -0.0386745   -0.00990306   0.00152541   -0.013852   0.00203253   -0.0140448   0.00461775   0.00744149   0.00337623   1   -0.0874623   -0.00603595   
0.206981   -0.0200579   0.0146088   0.026276   -0.0176283   -0.0206852   -0.124202   -0.0402546   -0.0234352   0.00858904   -0.00481766   -0.0262951   0.0185903   0.0709371   -0.0159215   0.0172611   0.0346451   0.0450187   0.0229264   0.0575078   0.0343841   -0.0218308   0.0346667   0.0333439   0.00855157   0.00838239   0.109596   0.00670776   -0.00774921   -0.0580203   -0.0411596   -0.00405518   0.00780264   -0.0026439   -0.0483368   -0.0283468   -0.0190915   0.0669292   -0.222404   0.14184   -0.066134   -0.0178153   0.0820146   0.00266777   0.142725   0.1396   0.073935   0.235242   0.0601482   1   0.00337623   -0.0286806   -0.0234641   
-0.360169   0.00764989   0.0195583   0.010487   0.0454661   0.0443366   0.0708819   0.0635906   0.0374356   0.022128   0.0447431   0.0205309   0.00166829   -0.00160481   -0.0244118   -0.0298772   -0.00329679   -0.0365806   0.0664893   -0.0521998   0.026056   0.0155537   -0.0250463   -0.0895245   -0.0533154   -0.0129332   -0.0422774   -0.00745079   -0.00878546   0.0852705   0.0558144   -0.0299199   -0.00895079   -0.0138387   0.0435107   -0.00903319   0.0221098   0.0118947   0.0586465   -0.151867   -0.073983   -0.0151231   -0.144483   -0.033276   -0.0406207   -0.350257   -0.143032   -0.248713   1   0.0601482   0.00744149   0.0181882   -0.00320759   
-0.0177712   -0.0058773   0.002763   -0.00824253   0.00996173   0.0101711   0.0300364   0.0206812   -0.0134978   -0.0207971   -0.0115353   -0.0162562   -0.0288883   -0.0376385   -0.0392051   -0.0407345   -0.0470505   -0.0595614   0.00976377   -0.0638779   -0.035987   -0.0115123   -8.24239e-05   0.00763624   0.00173465   -0.00642274   -0.0286059   -0.0116715   -0.0100388   0.021475   0.0123219   -0.000804152   -0.00481227   0.00731029   -0.0320469   0.00141037   0.0316793   0.00437158   0.0446562   -0.0495317   -0.0152741   -0.0275836   -0.027549   -0.0155912   -0.0491169   -0.0110807   -0.0822007   1   -0.248713   0.235242   0.00461775   -0.00896437   0.0227561   
-0.0719274   -0.0563624   -0.0889755   -0.0851227   -0.14033   -0.0813075   -0.110106   -0.1411   0.0984461   0.0811536   0.125149   0.11226   0.0503863   0.0751714   0.141681   0.0523108   0.0888844   0.0623955   -0.161389   0.101469   0.00713075   0.0220081   -0.0532163   0.007582   0.0216909   0.0157175   -0.0690541   -0.0439363   -0.0497875   -0.164906   -0.160849   -0.00201516   0.00487944   -0.00538003   -0.0542163   -0.0010765   -0.122412   -0.175608   0.105547   0.0824523   0.0437015   -0.0827041   -0.242595   0.12385   -0.0853697   -0.119078   1   -0.0822007   -0.143032   0.073935   -0.0140448   -0.0596684   -0.038835   
-0.168312   0.000361536   -0.00166653   -0.00492352   0.0180731   0.0137027   0.0437353   0.0253002   0.0137465   0.00204657   0.00650935   0.00942041   -0.0032303   -0.014084   -0.0106481   -0.0129069   -0.0157938   -0.0259066   0.0183159   -0.0432479   -0.0114088   -0.0237284   -0.0300977   0.00197399   -0.0355119   -0.0387871   -0.0536293   -0.0162169   -0.00873927   0.0411695   0.0231147   0.00483167   -0.00682534   0.0044381   0.0175983   -0.000367935   0.0343428   0.00648969   0.0515907   -0.0850471   -0.0119549   -0.011676   -0.027122   -0.0175072   0.0149689   1   -0.119078   -0.0110807   -0.350257   0.1396   0.00203253   0.014068   0.0133773   
-0.0337973   -0.0347212   -0.0716037   0.100068   0.0404646   -0.0115502   -0.212154   -0.11042   -0.0953646   0.00162182   0.000943242   -0.0918903   0.0372979   0.151165   -0.0865399   0.022629   -0.00514417   0.00355821   0.130711   -0.107699   -0.200209   -0.482445   -0.0299657   0.496146   -0.0815419   -0.383853   -0.061824   -0.0961321   -0.0526403   0.0403304   -0.0190335   0.000343403   0.00492885   -0.0116005   -0.061872   -0.00597581   -0.00363987   0.177407   -0.579162   -0.020274   -0.153808   0.034723   -0.0888721   -0.0648365   1   0.0149689   -0.0853697   -0.0491169   -0.0406207   0.142725   -0.013852   -0.0298169   0.0231838   
0.00978292   0.00847899   0.0507183   0.000146343   -0.0202195   0.0058139   -0.017839   0.0103566   0.0803482   0.0685315   0.0773235   0.0343311   0.0135606   0.0304251   -0.0421225   -0.0728016   -0.0195164   -0.132425   -0.00763132   -0.139632   -0.207166   -0.398209   -0.573999   -0.0518435   0.578828   0.418894   0.210647   0.0884448   0.0347734   -0.0517538   -0.0701594   -0.00570666   -0.00268627   0.00493908   0.000955102   -0.00331001   -0.0166793   0.00537467   0.0630384   -0.0322   -0.140639   -0.0888154   0.0812159   1   -0.0648365   -0.0175072   0.12385   -0.0155912   -0.033276   0.00266777   0.00152541   -0.00573634   -0.00719013   
-0.100214   -0.0331796   -0.0627795   -0.0484414   -0.0865575   -0.0341186   -0.0831995   -0.0912955   0.0591299   0.0494332   0.0955095   0.0760826   0.036662   0.0597691   0.113104   0.0417393   0.0673548   0.0560177   -0.0989851   0.0856303   -0.00618671   0.0130204   -0.0287076   0.0260869   0.00057138   -0.0137908   -0.0591351   -0.0488426   -0.0339232   -0.116687   -0.122827   -0.00368979   -0.00614813   -0.00138036   -0.00550008   -0.0148352   -0.0810334   -0.151522   0.0617101   0.108362   0.0503236   -0.0490046   1   0.0812159   -0.0888721   -0.027122   -0.242595   -0.027549   -0.144483   0.0820146   -0.00990306   -0.0303126   -0.0139933   
0.0186159   0.146678   -0.0414961   0.0227239   -0.00956716   0.0242864   -0.0106019   -0.128534   -0.225716   -0.0892524   0.0560106   -0.0943163   -0.166671   -0.127662   -0.0930489   -0.105054   -0.0540153   -0.082791   -0.111871   -0.0809294   -0.10748   -0.028345   0.144383   -0.0353416   0.0793521   -0.0115097   -0.0520726   0.0945513   0.130395   -0.107521   -0.174455   -0.000658868   -0.00152257   -0.0312644   -0.174352   -0.021032   -0.0862166   -0.272041   0.0155403   -0.0829623   0.118783   1   -0.0490046   -0.0888154   0.034723   -0.011676   -0.0827041   -0.0275836   -0.0151231   -0.0178153   -0.0386745   -0.104367   -0.0277338   
-0.00278272   0.210886   -0.286228   0.0318926   0.0425299   -0.0816169   0.241807   -0.131405   -0.212846   -0.237233   -0.389316   -0.075556   0.0731063   -0.2064   0.32446   0.391253   -0.0924885   0.292019   -0.257382   0.190265   -0.0844685   0.112753   -0.185445   0.0798531   -0.138615   0.0348353   -0.096706   0.21322   0.255779   0.172552   0.14261   -0.00321915   -0.00432467   -0.00816637   -0.0625146   -0.0100625   0.0208941   -0.232671   0.137306   0.0393858   1   0.118783   0.0503236   -0.140639   -0.153808   -0.0119549   0.0437015   -0.0152741   -0.073983   -0.066134   -0.00701284   -0.010499   0.000874562   
-0.0649227   0.0179649   0.273811   0.088842   -0.0622894   0.104121   -0.0998545   0.168374   -0.108345   -0.102877   -0.119462   -0.0872214   -0.190487   -0.0878436   -0.0147848   -0.157257   -0.0469109   -0.0365748   0.080348   0.159605   -0.180395   -0.0560146   0.0384523   -0.0258709   -0.0466919   -0.0851125   0.171031   -0.00486367   0.0525158   -0.158521   0.188056   0.00427986   -0.0130647   0.000143076   -0.0606241   -0.0173296   0.0562818   -0.10825   0.0212517   1   0.0393858   -0.0829623   0.108362   -0.0322   -0.020274   -0.0850471   0.0824523   -0.0495317   -0.151867   0.14184   0.00402896   -0.00369183   0.0436956   
0.112565   -0.0216632   0.157619   -0.19406   -0.0616312   0.0282651   0.355416   0.206193   0.187006   0.0436631   -0.0145693   0.198665   -0.108762   -0.237506   0.0630511   -0.130546   -0.0626313   -0.163726   -0.159698   -0.09557   -0.0757825   0.161617   -0.00229549   0.0345423   0.10798   -0.00591509   -0.283991   -0.0996068   -0.0265627   -0.0815194   0.0387372   -0.0078654   0.000780126   0.00134513   -0.0144848   -0.00897705   0.0149036   -0.166577   1   0.0212517   0.137306   0.0155403   0.0617101   0.0630384   -0.579162   0.0515907   0.105547   0.0446562   0.0586465   -0.222404   -0.000620075   -0.00858327   -0.022297   
-0.00161118   -0.291096   0.145483   -0.210532   0.0157789   -0.287761   -0.00515321   0.075125   0.0779016   0.0350034   -0.476151   -0.072918   0.126263   -0.0306383   -0.305652   0.055126   -0.0926622   -0.037168   -0.0530393   -0.164155   0.181517   -0.00218364   0.0663682   0.0243436   0.0883342   -0.000537847   0.201183   -0.176617   -0.233133   -0.151789   -0.0993015   -0.0044351   0.00422727   -0.0388827   -0.204162   -0.0340317   -0.0645647   1   -0.166577   -0.10825   -0.232671   -0.272041   -0.151522   0.00537467   0.177407   0.00648969   -0.175608   0.00437158   0.0118947   0.0669292   -0.0468557   -0.107992   -0.000682817   
0.0469709   0.0407744   0.0135292   0.0112057   -0.0226256   -0.00547075   -0.0866312   -0.0896078   0.0336695   0.0164389   0.0385457   0.0285162   0.0136082   0.0195679   0.0503037   0.0115283   0.0169156   0.0171465   -0.106222   0.0280461   -0.0164764   0.000460396   -0.0116734   0.0229573   -0.0106412   0.0108109   0.0196245   0.0438915   0.0473335   -0.129476   -0.134497   -0.00255765   0.000661415   -0.0072943   -0.0334975   -0.00517463   1   -0.0645647   0.0149036   0.0562818   0.0208941   -0.0862166   -0.0810334   -0.0166793   -0.00363987   0.0343428   -0.122412   0.0316793   0.0221098   -0.0190915   -0.0136619   -0.0384204   -0.0249658   
0.00494169   0.000488659   -0.0158696   0.00233362   -0.00843869   0.00458537   -0.0144209   -0.0119115   -0.0247317   -0.0273403   0.00559332   -0.0240041   -0.0227463   -0.0128872   -0.00778987   -0.0177601   -0.00696164   -0.00886297   0.00200642   -0.000979787   0.000666754   0.00723759   0.00653392   0.00359092   -0.000226835   0.00927328   -0.00429119   0.00481274   -0.000178761   0.00908068   -0.00218031   -0.00265167   -0.000864915   -0.0053846   -0.0238382   1   -0.00517463   -0.0340317   -0.00897705   -0.0173296   -0.0100625   -0.021032   -0.0148352   -0.00331001   -0.00597581   -0.000367935   -0.0010765   0.00141037   -0.00903319   -0.0283468   -0.00645242   -0.0117079   -0.00405446   
0.0166904   -0.0116554   -0.100266   -0.010554   -0.0759598   -0.000537906   -0.0993581   -0.0777864   -0.176836   -0.182894   0.0279329   -0.152612   -0.163446   -0.0849095   -0.0580532   -0.126072   -0.0545923   -0.0630199   -0.00337622   -0.00575601   -4.72778e-05   0.0484249   0.0312673   0.0324635   0.0169247   0.0617432   -0.0220169   0.013732   -0.015236   0.0231832   -0.0145355   -0.00421626   -0.00387676   -0.0363578   1   -0.0238382   -0.0334975   -0.204162   -0.0144848   -0.0606241   -0.0625146   -0.174352   -0.00550008   0.000955102   -0.061872   0.0175983   -0.0542163   -0.0320469   0.0435107   -0.0483368   -0.0388409   -0.0871363   -0.0168704   
0.0188956   -0.00345698   -0.0178665   -0.00475021   -0.0191528   -0.00557877   -0.0236353   -0.0202723   -0.0244416   -0.0266262   0.0051912   -0.0245911   -0.0286491   -0.0171338   -0.00784212   -0.0211199   -0.0102078   -0.0122428   -0.00716346   5.06254e-05   -0.00434776   0.00587402   0.0024442   0.00981956   0.00701344   0.0114861   -0.00287175   0.00239773   -0.00232541   -0.000483744   -0.00605949   -0.00123374   0.00191793   1   -0.0363578   -0.0053846   -0.0072943   -0.0388827   0.00134513   0.000143076   -0.00816637   -0.0312644   -0.00138036   0.00493908   -0.0116005   0.0044381   -0.00538003   0.00731029   -0.0138387   -0.0026439   -0.00804349   -0.0161945   -0.00297128   
-0.0060568   -0.000171247   -0.000356503   -0.000131307   0.00251021   -0.000257508   0.0025821   -6.3924e-05   -4.38094e-05   -2.65145e-05   -0.000812318   -6.07091e-05   -0.000809523   -0.00121409   -0.00400175   -0.0018507   -0.00211622   -0.00381932   0.000482795   -0.00679611   -0.000402661   -0.00361396   -0.0016931   0.00324132   -3.95947e-05   -0.0027756   -0.00324048   -0.000517203   -0.000558762   0.00265754   -0.0014264   0.00114718   1   0.00191793   -0.00387676   -0.000864915   0.000661415   0.00422727   0.000780126   -0.0130647   -0.00432467   -0.00152257   -0.00614813   -0.00268627   0.00492885   -0.00682534   0.00487944   -0.00481227   -0.00895079   0.00780264   0.00118113   -0.00122269   0.00218677   
0.000927391   -0.00438685   -0.0072762   -0.00420757   -0.00754702   -0.00462327   -0.00970551   -0.00492781   -0.000502682   0.000700181   0.00439327   -0.000987064   -8.14551e-05   0.00279004   0.000578835   -0.000863873   0.00136752   0.00104216   0.000435137   0.00251818   0.0012237   0.00193367   0.0041296   -0.00250229   -0.000255377   0.00270036   0.00363483   3.44358e-05   -0.00350151   0.000343424   0.00206771   1   0.00114718   -0.00123374   -0.00421626   -0.00265167   -0.00255765   -0.0044351   -0.0078654   0.00427986   -0.00321915   -0.000658868   -0.00368979   -0.00570666   0.000343403   0.00483167   -0.00201516   -0.000804152   -0.0299199   -0.00405518   -0.000421448   -0.000564894   -0.00112552   
0.0450625   0.118261   0.0910721   0.154773   0.13086   0.178662   0.180502   0.215434   0.00711801   -0.0198435   -0.0258469   0.0147367   0.00748202   -0.00870724   0.0969296   0.0419784   -0.00212088   0.0496313   0.209079   0.0733999   -0.0511391   0.00749361   -0.0398336   0.0247056   -0.0749833   -0.0164059   0.0256312   0.0813045   0.112678   0.259148   1   0.00206771   -0.0014264   -0.00605949   -0.0145355   -0.00218031   -0.134497   -0.0993015   0.0387372   0.188056   0.14261   -0.174455   -0.122827   -0.0701594   -0.0190335   0.0231147   -0.160849   0.0123219   0.0558144   -0.0411596   -0.00480393   -0.03048   -0.0138064   
0.0452098   0.147526   -0.0603387   0.162797   0.14961   0.152381   0.162857   0.0965809   0.00720983   0.00222081   0.0554746   0.0271348   0.0829025   0.0537496   0.140421   0.128044   0.0337132   0.102063   0.178514   0.055371   0.00113572   0.00629057   -0.0728876   0.0341875   -0.0729251   0.025141   -0.0181824   0.120736   0.12776   1   0.259148   0.000343424   0.00265754   -0.000483744   0.0231832   0.00908068   -0.129476   -0.151789   -0.0815194   -0.158521   0.172552   -0.107521   -0.116687   -0.0517538   0.0403304   0.0411695   -0.164906   0.021475   0.0852705   -0.0580203   -0.00778737   -0.0218794   -0.0436692   
0.00375758   0.173904   -0.0386381   0.127164   0.0720176   0.0963221   0.0786233   0.00446556   -0.0777457   -0.0543744   0.0109854   -0.0162453   0.00537639   -0.0154125   0.126929   0.0907744   0.014598   0.0961692   0.0262198   0.103822   -0.0260522   0.0407426   -0.021479   0.0512703   0.0799621   0.130876   0.0672201   0.176572   1   0.12776   0.112678   -0.00350151   -0.000558762   -0.00232541   -0.015236   -0.000178761   0.0473335   -0.233133   -0.0265627   0.0525158   0.255779   0.130395   -0.0339232   0.0347734   -0.0526403   -0.00873927   -0.0497875   -0.0100388   -0.00878546   -0.00774921   -0.00475285   -0.0110146   0.00949002   
-0.00735954   0.163425   -0.0515456   0.124042   0.0734017   0.0715603   0.048632   -0.0187171   -0.0767666   -0.0495741   0.00924618   -0.030172   0.0292455   0.00721418   0.108397   0.105721   0.0255336   0.111311   0.0219732   0.114572   0.0335978   0.0788626   -0.0195738   0.00301774   0.135443   0.22244   0.138381   1   0.176572   0.120736   0.0813045   3.44358e-05   -0.000517203   0.00239773   0.013732   0.00481274   0.0438915   -0.176617   -0.0996068   -0.00486367   0.21322   0.0945513   -0.0488426   0.0884448   -0.0961321   -0.0162169   -0.0439363   -0.0116715   -0.00745079   0.00670776   0.000302417   0.00642291   0.0335392   
-0.0485306   0.0274994   0.106231   0.0788116   0.0467807   0.00114678   -0.081947   0.0364529   -0.0505079   -0.0175908   -0.0936606   -0.0867393   0.0235534   0.0437309   -0.0794951   0.0164502   0.0199853   0.0479192   0.0764749   0.0796121   0.111954   0.0637912   0.0272801   -0.0810569   0.254537   0.316516   1   0.138381   0.0672201   -0.0181824   0.0256312   0.00363483   -0.00324048   -0.00287175   -0.0220169   -0.00429119   0.0196245   0.201183   -0.283991   0.171031   -0.096706   -0.0520726   -0.0591351   0.210647   -0.061824   -0.0536293   -0.0690541   -0.0286059   -0.0422774   0.109596   -0.000760311   -0.000565073   -0.0345352   
-0.0164922   0.0939652   0.0227099   0.0437169   0.0411174   0.00854413   0.0401863   0.0045931   0.00290573   -0.000582968   -0.00589239   -0.0102494   0.0465638   0.00494742   0.0217931   0.0565274   0.035498   0.0546212   -0.0188572   0.0779492   0.140177   0.156398   -0.0796586   -0.138102   0.417568   1   0.316516   0.22244   0.130876   0.025141   -0.0164059   0.00270036   -0.0027756   0.0114861   0.0617432   0.00927328   0.0108109   -0.000537847   -0.00591509   -0.0851125   0.0348353   -0.0115097   -0.0137908   0.418894   -0.383853   -0.0387871   0.0157175   -0.00642274   -0.0129332   0.00838239   0.0153741   0.03332   -0.0192287   
-0.00415593   0.0452339   0.125084   -0.000786306   0.0207118   0.00505813   0.032872   0.0437569   0.0420993   0.0436989   0.0148846   0.021113   -0.00866511   -0.0064749   -0.0745485   -0.0609322   0.00804235   -0.0722369   -0.0170272   -0.0541312   0.00105912   -0.0725792   -0.0745825   0.194111   1   0.417568   0.254537   0.135443   0.0799621   -0.0729251   -0.0749833   -0.000255377   -3.95947e-05   0.00701344   0.0169247   -0.000226835   -0.0106412   0.0883342   0.10798   -0.0466919   -0.138615   0.0793521   0.00057138   0.578828   -0.0815419   -0.0355119   0.0216909   0.00173465   -0.0533154   0.00855157   0.00619092   0.00624005   0.039863   
-0.0164058   0.0456722   0.00712677   0.0273064   0.0382013   0.0134269   0.0467328   -0.00375112   0.005991   0.00403368   -0.0394229   0.0383709   0.0249477   0.0196235   0.0578027   0.0643066   0.0196603   0.0466172   0.00112157   -0.00406153   -0.0721027   -0.126655   0.176477   1   0.194111   -0.138102   -0.0810569   0.00301774   0.0512703   0.0341875   0.0247056   -0.00250229   0.00324132   0.00981956   0.0324635   0.00359092   0.0229573   0.0243436   0.0345423   -0.0258709   0.0798531   -0.0353416   0.0260869   -0.0518435   0.496146   0.00197399   0.007582   0.00763624   -0.0895245   0.0333439   0.0110611   0.0227591   -0.00494882   
-0.0371791   -0.0136033   0.114743   -0.00720015   0.00952213   0.019696   -0.0328737   0.0390861   0.000805805   0.0229077   0.0461159   0.00863728   -0.0406754   0.0205213   -0.0651447   -0.0584046   0.0737097   0.0368167   0.037532   0.106406   0.27079   0.398293   1   0.176477   -0.0745825   -0.0796586   0.0272801   -0.0195738   -0.021479   -0.0728876   -0.0398336   0.0041296   -0.0016931   0.0024442   0.0312673   0.00653392   -0.0116734   0.0663682   -0.00229549   0.0384523   -0.185445   0.144383   -0.0287076   -0.573999   -0.0299657   -0.0300977   -0.0532163   -8.24239e-05   -0.0250463   0.0346667   0.00441059   0.0118217   0.00111096   
-0.0156624   0.0281285   0.0111095   -0.0355632   0.0136917   -0.0206777   0.0944575   0.0262257   0.0311941   -0.00674552   -0.0421274   0.0378054   0.0398007   -0.0339814   0.0746908   0.0893649   0.0627648   0.132257   -0.0640113   0.182499   0.330795   1   0.398293   -0.126655   -0.0725792   0.156398   0.0637912   0.0788626   0.0407426   0.00629057   0.00749361   0.00193367   -0.00361396   0.00587402   0.0484249   0.00723759   0.000460396   -0.00218364   0.161617   -0.0560146   0.112753   -0.028345   0.0130204   -0.398209   -0.482445   -0.0237284   0.0220081   -0.0115123   0.0155537   -0.0218308   0.00887045   0.0239575   0.000165079   
-0.0238437   -0.0356971   -0.0015154   -0.0306125   0.0262931   -0.0555913   -0.00226751   -0.0094333   0.0706781   0.0564067   -0.00826123   0.0321951   0.102361   0.0683964   -0.00133227   0.0863911   0.0753309   0.100989   -0.00847638   0.0955051   1   0.330795   0.27079   -0.0721027   0.00105912   0.140177   0.111954   0.0335978   -0.0260522   0.00113572   -0.0511391   0.0012237   -0.000402661   -0.00434776   -4.72778e-05   0.000666754   -0.0164764   0.181517   -0.0757825   -0.180395   -0.0844685   -0.10748   -0.00618671   -0.207166   -0.200209   -0.0114088   0.00713075   -0.035987   0.026056   0.0343841   -0.00397816   -0.00527083   0.0233708   
-0.0479004   0.0927892   -0.0421253   0.0879626   0.0212204   0.0439894   -0.0124429   -0.0238321   -0.0240952   -0.019785   0.0195712   0.0091916   0.0504882   0.0485289   0.155269   0.122955   0.0672476   0.160686   0.0052159   1   0.0955051   0.182499   0.106406   -0.00406153   -0.0541312   0.0779492   0.0796121   0.114572   0.103822   0.055371   0.0733999   0.00251818   -0.00679611   5.06254e-05   -0.00575601   -0.000979787   0.0280461   -0.164155   -0.09557   0.159605   0.190265   -0.0809294   0.0856303   -0.139632   -0.107699   -0.0432479   0.101469   -0.0638779   -0.0521998   0.0575078   0.00251857   0.00426424   0.0416068   
0.0225516   0.0547951   0.135032   0.162182   0.107536   0.19751   0.0123274   0.175869   0.0598918   0.0787922   0.180393   0.0291571   -0.000770105   0.118952   -0.0225703   -0.0839281   0.060904   -0.0365326   1   0.0052159   -0.00847638   -0.0640113   0.037532   0.00112157   -0.0170272   -0.0188572   0.0764749   0.0219732   0.0262198   0.178514   0.209079   0.000435137   0.000482795   -0.00716346   -0.00337622   0.00200642   -0.106222   -0.0530393   -0.159698   0.080348   -0.257382   -0.111871   -0.0989851   -0.00763132   0.130711   0.0183159   -0.161389   0.00976377   0.0664893   0.0229264   -0.0102481   -0.0314645   -0.0650629   
-0.0386084   0.0807619   -0.127458   0.0632389   0.0471735   -0.0210766   0.0218754   -0.0748874   -0.0275822   -0.0237145   -0.0724505   0.00166476   0.123953   0.0516633   0.164873   0.224533   0.0505895   1   -0.0365326   0.160686   0.100989   0.132257   0.0368167   0.0466172   -0.0722369   0.0546212   0.0479192   0.111311   0.0961692   0.102063   0.0496313   0.00104216   -0.00381932   -0.0122428   -0.0630199   -0.00886297   0.0171465   -0.037168   -0.163726   -0.0365748   0.292019   -0.082791   0.0560177   -0.132425   0.00355821   -0.0259066   0.0623955   -0.0595614   -0.0365806   0.0450187   -0.0113158   -0.0229977   0.0108118   
-0.0204435   0.0285222   0.0012403   0.0520565   0.0199345   0.0599893   -0.0306239   -0.00135309   0.0846013   0.0906111   0.162213   0.0777586   0.0624987   0.115136   0.0700369   0.0275751   1   0.0505895   0.060904   0.0672476   0.0753309   0.0627648   0.0737097   0.0196603   0.00804235   0.035498   0.0199853   0.0255336   0.014598   0.0337132   -0.00212088   0.00136752   -0.00211622   -0.0102078   -0.0545923   -0.00696164   0.0169156   -0.0926622   -0.0626313   -0.0469109   -0.0924885   -0.0540153   0.0673548   -0.0195164   -0.00514417   -0.0157938   0.0888844   -0.0470505   -0.00329679   0.0346451   -0.0114937   -0.0207157   -0.0410568   
-0.0243124   0.0686075   -0.173728   0.0288058   0.0615277   -0.0708753   0.0799251   -0.0901034   -0.0106049   -0.022518   -0.155273   0.0126205   0.175252   0.0327454   0.180323   1   0.0275751   0.224533   -0.0839281   0.122955   0.0863911   0.0893649   -0.0584046   0.0643066   -0.0609322   0.0565274   0.0164502   0.105721   0.0907744   0.128044   0.0419784   -0.000863873   -0.0018507   -0.0211199   -0.126072   -0.0177601   0.0115283   0.055126   -0.130546   -0.157257   0.391253   -0.105054   0.0417393   -0.0728016   0.022629   -0.0129069   0.0523108   -0.0407345   -0.0298772   0.0172611   -0.0249136   -0.0508795   0.00590408   
-0.0106342   0.132893   -0.124652   0.0847427   0.0372494   0.0710173   0.0891998   -0.0352918   0.0369739   0.0153861   0.0820723   0.0892679   0.0952255   0.049726   1   0.180323   0.0700369   0.164873   -0.0225703   0.155269   -0.00133227   0.0746908   -0.0651447   0.0578027   -0.0745485   0.0217931   -0.0794951   0.108397   0.126929   0.140421   0.0969296   0.000578835   -0.00400175   -0.00784212   -0.0580532   -0.00778987   0.0503037   -0.305652   0.0630511   -0.0147848   0.32446   -0.0930489   0.113104   -0.0421225   -0.0865399   -0.0106481   0.141681   -0.0392051   -0.0244118   -0.0159215   -0.00737037   -0.00816801   0.0135713   
-0.0309324   0.00503558   -0.0109343   0.0816948   0.0361346   0.0638016   -0.0968838   -0.0165549   0.108879   0.131459   0.215378   0.0785813   0.104934   1   0.049726   0.0327454   0.115136   0.0516633   0.118952   0.0485289   0.0683964   -0.0339814   0.0205213   0.0196235   -0.0064749   0.00494742   0.0437309   0.00721418   -0.0154125   0.0537496   -0.00870724   0.00279004   -0.00121409   -0.0171338   -0.0849095   -0.0128872   0.0195679   -0.0306383   -0.237506   -0.0878436   -0.2064   -0.127662   0.0597691   0.0304251   0.151165   -0.014084   0.0751714   -0.0376385   -0.00160481   0.0709371   -0.0244424   -0.0400392   0.0168234   
-0.0118004   0.000153644   -0.0711557   0.0114819   0.0551272   -0.0354375   0.0381383   -0.0242504   0.101367   0.0835356   -0.0124746   0.074017   1   0.104934   0.0952255   0.175252   0.0624987   0.123953   -0.000770105   0.0504882   0.102361   0.0398007   -0.0406754   0.0249477   -0.00866511   0.0465638   0.0235534   0.0292455   0.00537639   0.0829025   0.00748202   -8.14551e-05   -0.000809523   -0.0286491   -0.163446   -0.0227463   0.0136082   0.126263   -0.108762   -0.190487   0.0731063   -0.166671   0.036662   0.0135606   0.0372979   -0.0032303   0.0503863   -0.0288883   0.00166829   0.0185903   -0.0334648   -0.0632323   0.0202639   
0.0216103   0.00216   0.0436285   -0.00735028   0.0188968   0.0597322   0.0822566   0.0682367   0.181511   0.141391   0.159624   1   0.074017   0.0785813   0.0892679   0.0126205   0.0777586   0.00166476   0.0291571   0.0091916   0.0321951   0.0378054   0.00863728   0.0383709   0.021113   -0.0102494   -0.0867393   -0.030172   -0.0162453   0.0271348   0.0147367   -0.000987064   -6.07091e-05   -0.0245911   -0.152612   -0.0240041   0.0285162   -0.072918   0.198665   -0.0872214   -0.075556   -0.0943163   0.0760826   0.0343311   -0.0918903   0.00942041   0.11226   -0.0162562   0.0205309   -0.0262951   -0.031906   -0.0530397   0.00123005   
0.00444245   0.0784773   0.0170557   0.127278   0.00395943   0.223376   -0.10191   0.00622173   0.151574   0.186369   1   0.159624   -0.0124746   0.215378   0.0820723   -0.155273   0.162213   -0.0724505   0.180393   0.0195712   -0.00826123   -0.0421274   0.0461159   -0.0394229   0.0148846   -0.00589239   -0.0936606   0.00924618   0.0109854   0.0554746   -0.0258469   0.00439327   -0.000812318   0.0051912   0.0279329   0.00559332   0.0385457   -0.476151   -0.0145693   -0.119462   -0.389316   0.0560106   0.0955095   0.0773235   0.000943242   0.00650935   0.125149   -0.0115353   0.0447431   -0.00481766   0.0162294   0.0354164   0.0448154   
0.00757475   -0.0343033   0.0735255   0.00278186   0.0241239   0.0521213   0.00730049   0.0638436   0.187645   1   0.186369   0.141391   0.0835356   0.131459   0.0153861   -0.022518   0.0906111   -0.0237145   0.0787922   -0.019785   0.0564067   -0.00674552   0.0229077   0.00403368   0.0436989   -0.000582968   -0.0175908   -0.0495741   -0.0543744   0.00222081   -0.0198435   0.000700181   -2.65145e-05   -0.0266262   -0.182894   -0.0273403   0.0164389   0.0350034   0.0436631   -0.102877   -0.237233   -0.0892524   0.0494332   0.0685315   0.00162182   0.00204657   0.0811536   -0.0207971   0.022128   0.00858904   -0.0318911   -0.0676495   -0.00409925   
0.024172   -0.0616252   0.0952974   -0.0367582   0.0199203   0.0392582   0.0705077   0.108587   1   0.187645   0.151574   0.181511   0.101367   0.108879   0.0369739   -0.0106049   0.0846013   -0.0275822   0.0598918   -0.0240952   0.0706781   0.0311941   0.000805805   0.005991   0.0420993   0.00290573   -0.0505079   -0.0767666   -0.0777457   0.00720983   0.00711801   -0.000502682   -4.38094e-05   -0.0244416   -0.176836   -0.0247317   0.0336695   0.0779016   0.187006   -0.108345   -0.212846   -0.225716   0.0591299   0.0803482   -0.0953646   0.0137465   0.0984461   -0.0134978   0.0374356   -0.0234352   -0.0321962   -0.0582628   -0.00475353   
0.0565115   0.00942321   0.221533   0.0461713   0.0824778   0.13245   0.160863   1   0.108587   0.0638436   0.00622173   0.0682367   -0.0242504   -0.0165549   -0.0352918   -0.0901034   -0.00135309   -0.0748874   0.175869   -0.0238321   -0.0094333   0.0262257   0.0390861   -0.00375112   0.0437569   0.0045931   0.0364529   -0.0187171   0.00446556   0.0965809   0.215434   -0.00492781   -6.3924e-05   -0.0202723   -0.0777864   -0.0119115   -0.0896078   0.075125   0.206193   0.168374   -0.131405   -0.128534   -0.0912955   0.0103566   -0.11042   0.0253002   -0.1411   0.0206812   0.0635906   -0.0402546   -0.0301711   -0.0781402   -0.0197806   
0.0790194   0.0760393   0.044675   -0.000600574   0.093884   0.058684   1   0.160863   0.0705077   0.00730049   -0.10191   0.0822566   0.0381383   -0.0968838   0.0891998   0.0799251   -0.0306239   0.0218754   0.0123274   -0.0124429   -0.00226751   0.0944575   -0.0328737   0.0467328   0.032872   0.0401863   -0.081947   0.048632   0.0786233   0.162857   0.180502   -0.00970551   0.0025821   -0.0236353   -0.0993581   -0.0144209   -0.0866312   -0.00515321   0.355416   -0.0998545   0.241807   -0.0106019   -0.0831995   -0.017839   -0.212154   0.0437353   -0.110106   0.0300364   0.0708819   -0.124202   -0.0355002   -0.0708681   -0.0143156   
0.0265065   0.126449   0.0896443   0.156906   0.0789183   1   0.058684   0.13245   0.0392582   0.0521213   0.223376   0.0597322   -0.0354375   0.0638016   0.0710173   -0.0708753   0.0599893   -0.0210766   0.19751   0.0439894   -0.0555913   -0.0206777   0.019696   0.0134269   0.00505813   0.00854413   0.00114678   0.0715603   0.0963221   0.152381   0.178662   -0.00462327   -0.000257508   -0.00557877   -0.000537906   0.00458537   -0.00547075   -0.287761   0.0282651   0.104121   -0.0816169   0.0242864   -0.0341186   0.0058139   -0.0115502   0.0137027   -0.0813075   0.0101711   0.0443366   -0.0206852   -0.00734199   -0.0218072   -0.0477937   
0.0245613   0.0757086   0.025854   0.0893186   1   0.0789183   0.093884   0.0824778   0.0199203   0.0241239   0.00395943   0.0188968   0.0551272   0.0361346   0.0372494   0.0615277   0.0199345   0.0471735   0.107536   0.0212204   0.0262931   0.0136917   0.00952213   0.0382013   0.0207118   0.0411174   0.0467807   0.0734017   0.0720176   0.14961   0.13086   -0.00754702   0.00251021   -0.0191528   -0.0759598   -0.00843869   -0.0226256   0.0157789   -0.0616312   -0.0622894   0.0425299   -0.00956716   -0.0865575   -0.0202195   0.0404646   0.0180731   -0.14033   0.00996173   0.0454661   -0.0176283   -0.0276587   -0.0624404   0.00974435   
-0.00519004   0.140502   0.00725936   1   0.0893186   0.156906   -0.000600574   0.0461713   -0.0367582   0.00278186   0.127278   -0.00735028   0.0114819   0.0816948   0.0847427   0.0288058   0.0520565   0.0632389   0.162182   0.0879626   -0.0306125   -0.0355632   -0.00720015   0.0273064   -0.000786306   0.0437169   0.0788116   0.124042   0.127164   0.162797   0.154773   -0.00420757   -0.000131307   -0.00475021   -0.010554   0.00233362   0.0112057   -0.210532   -0.19406   0.088842   0.0318926   0.0227239   -0.0484414   0.000146343   0.100068   -0.00492352   -0.0851227   -0.00824253   0.010487   0.026276   -0.00569985   -0.0147741   -0.00694816   
0.0248396   -0.0420981   1   0.00725936   0.025854   0.0896443   0.044675   0.221533   0.0952974   0.0735255   0.0170557   0.0436285   -0.0711557   -0.0109343   -0.124652   -0.173728   0.0012403   -0.127458   0.135032   -0.0421253   -0.0015154   0.0111095   0.114743   0.00712677   0.125084   0.0227099   0.106231   -0.0515456   -0.0386381   -0.0603387   0.0910721   -0.0072762   -0.000356503   -0.0178665   -0.100266   -0.0158696   0.0135292   0.145483   0.157619   0.273811   -0.286228   -0.0414961   -0.0627795   0.0507183   -0.0716037   -0.00166653   -0.0889755   0.002763   0.0195583   0.0146088   -0.0257573   -0.0663596   -0.0330253   
0.010958   1   -0.0420981   0.140502   0.0757086   0.126449   0.0760393   0.00942321   -0.0616252   -0.0343033   0.0784773   0.00216   0.000153644   0.00503558   0.132893   0.0686075   0.0285222   0.0807619   0.0547951   0.0927892   -0.0356971   0.0281285   -0.0136033   0.0456722   0.0452339   0.0939652   0.0274994   0.163425   0.173904   0.147526   0.118261   -0.00438685   -0.000171247   -0.00345698   -0.0116554   0.000488659   0.0407744   -0.291096   -0.0216632   0.0179649   0.210886   0.146678   -0.0331796   0.00847899   -0.0347212   0.000361536   -0.0563624   -0.0058773   0.00764989   -0.0200579   -0.00492893   -0.00416921   -0.000969792   
1   0.010958   0.0248396   -0.00519004   0.0245613   0.0265065   0.0790194   0.0565115   0.024172   0.00757475   0.00444245   0.0216103   -0.0118004   -0.0309324   -0.0106342   -0.0243124   -0.0204435   -0.0386084   0.0225516   -0.0479004   -0.0238437   -0.0156624   -0.0371791   -0.0164058   -0.00415593   -0.0164922   -0.0485306   -0.00735954   0.00375758   0.0452098   0.0450625   0.000927391   -0.0060568   0.0188956   0.0166904   0.00494169   0.0469709   -0.00161118   0.112565   -0.0649227   -0.00278272   0.0186159   -0.100214   0.00978292   -0.0337973   -0.168312   -0.0719274   -0.0177712   -0.360169   0.206981   0.0113575   0.0260189   0.0309184   


NLL
432.57195

