NUISANCE_PARAMETERS
AlphaS  -0.20025 +0.986968 -0.986968
FakeMethod_mumu  -0.425078 +0.953145 -0.953145
FakeStat_mumu  -0.194908 +1.00065 -1.00065
L1Prefiring  0.00122674 +0.95737 -0.95737
Lumi  -0.159996 +0.712837 -0.712837
MuonID  -0.0095292 +0.975831 -0.975831
MuonIso  -3.03768 +0.724492 -0.724492
MuonReco  -0.0531477 +0.953281 -0.953281
MuonRes  0.439945 +0.191504 -0.191504
MuonScale  0.00808126 +0.0613574 -0.0613574
MuonTrigger  -1.65516 +0.918158 -0.918158
PDF  1.03591 +0.864278 -0.864278
PS_FSR  -0.151946 +0.526125 -0.526125
PS_ISR  0.965663 +0.840078 -0.840078
Pileup  -1.53593 +0.688412 -0.688412
QCDScale  -0.723397 +0.473574 -0.473574
XS_DYtautau  -0.344211 +0.969768 -0.969768
XS_SingleTop  -0.0365334 +0.993198 -0.993198
XS_TTbar  -0.310625 +0.929382 -0.929382
XS_WW  -0.0914371 +0.994427 -0.994427
XS_WZ  0.0250954 +0.992015 -0.992015
XS_ZZ  -0.0626717 +0.995715 -0.995715
gamma_stat_mumu_SR_bin_0  1.01658 +0.00642907 -0.00642907
gamma_stat_mumu_SR_bin_1  0.992275 +0.00605481 -0.00605481
gamma_stat_mumu_SR_bin_10  0.995204 +0.00253467 -0.00253467
gamma_stat_mumu_SR_bin_11  0.996146 +0.00222045 -0.00222045
gamma_stat_mumu_SR_bin_12  0.999549 +0.00198862 -0.00198862
gamma_stat_mumu_SR_bin_13  1.00223 +0.00145452 -0.00145452
gamma_stat_mumu_SR_bin_14  0.999483 +0.000971977 -0.000971977
gamma_stat_mumu_SR_bin_15  1.00189 +0.000888177 -0.000888177
gamma_stat_mumu_SR_bin_16  0.997762 +0.00109474 -0.00109474
gamma_stat_mumu_SR_bin_17  1.00007 +0.00165755 -0.00165755
gamma_stat_mumu_SR_bin_18  1.00313 +0.0023522 -0.0023522
gamma_stat_mumu_SR_bin_19  1.0055 +0.00286582 -0.00286582
gamma_stat_mumu_SR_bin_2  1.00325 +0.00574976 -0.00574976
gamma_stat_mumu_SR_bin_20  1.00058 +0.0033252 -0.0033252
gamma_stat_mumu_SR_bin_21  0.999561 +0.00369558 -0.00369558
gamma_stat_mumu_SR_bin_22  0.999759 +0.00506191 -0.00506191
gamma_stat_mumu_SR_bin_23  1.00954 +0.00552813 -0.00552813
gamma_stat_mumu_SR_bin_24  1.00285 +0.00597961 -0.00597961
gamma_stat_mumu_SR_bin_25  0.996963 +0.00641153 -0.00641153
gamma_stat_mumu_SR_bin_26  1.00461 +0.00695893 -0.00695893
gamma_stat_mumu_SR_bin_27  1.01511 +0.0108184 -0.0108184
gamma_stat_mumu_SR_bin_28  0.998854 +0.00783663 -0.00783663
gamma_stat_mumu_SR_bin_29  1.01068 +0.00912221 -0.00912221
gamma_stat_mumu_SR_bin_3  0.99602 +0.00536017 -0.00536017
gamma_stat_mumu_SR_bin_4  0.991426 +0.00531089 -0.00531089
gamma_stat_mumu_SR_bin_5  0.991754 +0.00455208 -0.00455208
gamma_stat_mumu_SR_bin_6  0.994276 +0.00398084 -0.00398084
gamma_stat_mumu_SR_bin_7  0.983674 +0.00386313 -0.00386313
gamma_stat_mumu_SR_bin_8  0.994474 +0.00366949 -0.00366949
gamma_stat_mumu_SR_bin_9  0.992019 +0.00296183 -0.00296183
mu_Z  1.00501 +0.014089 -0.0137479


CORRELATION_MATRIX
53   53
0.0233515   0.00491118   -0.0240822   -0.00181797   0.0212945   -0.038676   0.00424342   -0.00337717   -0.00579263   -0.00782898   0.0383119   -0.00141054   0.0167988   0.00820952   0.00752998   0.00130911   -0.0485793   0.000280884   -0.0533652   0.0230672   0.0122275   -0.00098145   -0.00086003   -0.014524   0.0462872   -0.0184373   -0.0413883   0.0275345   0.011113   -0.0268752   0.00190695   -0.000178343   0.000482558   -0.00134762   -0.00580007   -0.000491494   -0.0130322   0.0038103   -0.00635253   0.0262554   0.000512202   -0.0230949   -0.0219434   -0.00782228   0.0178325   0.00272911   -0.0562431   0.000813559   0.00673382   0.00268747   -0.00243964   -0.00699315   1   
0.0410632   0.00513211   -0.0589815   -0.00682278   -0.0497183   -0.00746306   -0.0501359   -0.0601683   -0.0614441   -0.0717528   0.0350454   -0.0540455   -0.0707587   -0.0470348   -0.0153484   -0.0589748   -0.0274817   -0.0295852   -0.0142089   -0.000193253   -0.0039612   0.0156801   0.00572252   0.0329321   -0.00343915   0.0182902   -0.0065404   0.0127645   -0.00179649   -0.0010887   -0.01069   -0.00137792   -0.000293998   -0.0130018   -0.0701208   -0.00991304   -0.0208995   -0.0977145   0.00253703   -0.0147546   -0.0118119   -0.0812443   -0.0293299   -0.0161722   -0.0171172   0.00182011   -0.083197   -0.0154657   -0.00223504   0.00845103   -0.0905354   1   -0.00699315   
0.0183141   -0.00221136   -0.0253327   -0.00387082   -0.0215107   -0.00301157   -0.0247974   -0.0235013   -0.0302966   -0.0315871   0.0159869   -0.0298918   -0.0328196   -0.025472   -0.00856912   -0.0247913   -0.0130717   -0.0117568   -0.00381647   0.000874938   -0.000388947   0.00691673   0.00165967   0.0144153   -0.000209842   0.0088922   -0.00409321   0.00316685   -0.00204214   0.00303031   0.00282355   -0.000545478   -2.20906e-05   -0.00559996   -0.0310255   -0.00437067   -0.00673707   -0.0393802   0.00360116   -0.00913851   -0.00665777   -0.0337905   -0.0091446   -0.0038779   -0.0090198   -0.00103044   -0.0279148   -0.00682487   -0.000654132   0.00769488   1   -0.0905354   -0.00243964   
0.35697   -0.0010825   0.0243952   -0.00790853   0.00500055   -0.0129616   -0.00160481   0.0125148   0.015637   0.013178   -0.0153695   0.0266301   0.0192376   0.0242147   0.0192449   0.0299501   0.021385   0.0234151   0.00171109   0.000629307   -0.00043439   -0.00429404   -0.0116018   0.00342723   0.00585204   0.00962022   -0.00139756   -0.0156217   -0.00467067   -0.0143715   -0.0127594   0.00247905   0.00635587   0.0059493   0.0253667   0.00716921   0.00170214   0.0337276   -0.00812062   0.036035   0.00833236   0.0284263   0.0224489   0.0251169   0.0728559   0.0614184   0.0223861   0.0308555   0.12829   1   0.00769488   0.00845103   0.00268747   
-0.725319   0.00692346   -0.000175845   -0.0131378   -0.00502994   0.00932316   0.0182937   0.00550463   -0.0055511   -0.0209359   0.00991933   -0.00242289   -0.0334204   -0.0318313   -0.0100857   -0.0337178   -0.0165846   -0.0241746   -0.0094597   -0.0112738   0.00653994   0.00759001   -0.0187583   0.00316094   -0.0122648   -0.0010015   -0.0197264   0.0128927   0.00864034   0.00581547   -0.00327715   0.00190734   -3.5732e-05   0.000567822   -0.0136314   -5.01167e-05   0.000696078   -0.0334865   0.0578762   -0.0411351   -0.00894776   -0.0164731   -0.0355278   -0.00388614   -0.0319336   -0.104144   -0.0644638   -0.0344589   1   0.12829   -0.000654132   -0.00223504   0.00673382   
-0.128166   -0.00176243   -0.0298138   -0.00280076   -0.0107422   0.00912665   -0.00771102   -0.015199   -0.0334462   -0.0323242   0.0103327   -0.0269042   -0.0385604   -0.0290935   -0.02729   -0.0415662   -0.0391026   -0.0379309   0.00154804   -0.0113193   -0.00455834   0.0103167   0.00430247   0.0190088   -0.016465   0.00511085   0.00459866   0.0217891   0.00534906   0.0130705   -0.00302389   -0.00057561   -0.000696472   -0.00613893   -0.0338161   -0.00469575   -0.00206574   -0.0456744   0.00509789   -0.0273598   -0.00437559   -0.0383212   -0.00685833   -0.0272139   -0.0709575   -0.0230411   -0.0104554   1   -0.0344589   0.0308555   -0.00682487   -0.0154657   0.000813559   
-0.0929059   -0.0611283   -0.122661   -0.0856464   -0.200782   -0.101943   -0.19521   -0.214681   0.0934562   0.0851954   0.167102   0.126898   0.0436253   0.108197   0.203937   0.0629353   0.118579   0.094706   -0.209537   0.14165   -0.0483338   -0.0349873   -0.0626466   0.0941316   0.022932   0.0267632   -0.0280202   -0.0184018   -0.0428883   -0.233088   -0.205719   -0.00651957   0.00267805   -0.0167105   -0.0580223   -0.00728722   -0.173056   -0.249727   0.0492783   0.187374   0.0734965   -0.12082   -0.365459   0.174633   -0.0197584   -0.0265496   1   -0.0104554   -0.0644638   0.0223861   -0.0279148   -0.083197   -0.0562431   
-0.249283   0.00347442   0.00244874   -0.00270757   0.00055042   0.004586   0.00771575   0.00478751   -0.00219029   -0.0075109   0.00144427   -0.00136304   -0.0110225   -0.0107228   -0.00387276   -0.0108639   -0.00580457   -0.00792487   -0.000481436   -0.00444538   0.00181168   0.00226481   -0.00622356   -4.08133e-05   -0.00529904   -0.000882654   -0.00645606   0.00409472   0.00367096   0.00418453   0.00207849   0.000449147   -0.000917211   -0.00031125   -0.0058309   -0.000286227   0.00217495   -0.00877711   0.0182345   -0.011973   -0.00297268   -0.00570249   -0.0148571   -0.00263136   -0.00754835   1   -0.0265496   -0.0230411   -0.104144   0.0614184   -0.00103044   0.00182011   0.00272911   
-0.0364544   0.0457675   -0.0713505   0.259683   0.172112   0.00957106   -0.239638   -0.121271   -0.161826   -0.0293513   -0.0599901   -0.186386   0.19763   0.249063   -0.0093646   0.225606   0.0194622   0.00085744   0.160914   -0.319281   -0.41431   -0.358455   0.203876   0.257374   0.118873   -0.249056   -0.266224   -0.338058   -0.129584   0.112083   -4.09736e-05   -0.00126874   -0.000936394   -0.00883831   -0.0452377   -0.00678002   0.0174449   0.22863   -0.713661   -0.000431695   -0.0464865   -0.00824473   -0.0583554   -0.150018   1   -0.00754835   -0.0197584   -0.0709575   -0.0319336   0.0728559   -0.0090198   -0.0171172   0.0178325   
0.0084269   -0.0124058   0.0547504   -0.0692258   -0.0506208   -0.0187624   0.00195515   -0.00973563   0.127736   0.0791866   0.0968985   0.0981739   -0.0154294   0.000642797   -0.00786916   -0.0948068   -0.0350344   -0.142799   -0.0636618   -0.176934   -0.270299   -0.473461   -0.532924   -0.0229665   0.476189   0.513794   0.334274   0.19152   0.0503012   -0.0962608   -0.0976051   -0.00283291   -0.00328063   -0.00159779   -0.00479801   1.29836e-05   -0.0463427   -0.0278141   0.171491   -0.0571325   -0.122686   -0.119775   0.100247   1   -0.150018   -0.00263136   0.174633   -0.0272139   -0.00388614   0.0251169   -0.0038779   -0.0161722   -0.00782228   
-0.0284334   -0.0326338   -0.0499873   -0.042229   -0.0677589   -0.0291755   -0.0747275   -0.0763659   0.0466894   0.0415525   0.0686975   0.0606123   0.0304275   0.0526036   0.083882   0.0319073   0.0549844   0.0526592   -0.0736531   0.0683339   -0.00633672   -0.0249092   -0.0419859   0.051577   0.00109144   -9.82964e-05   0.000965058   -0.0172742   -0.021396   -0.0994361   -0.110327   -0.00238937   0.00172133   -0.00472963   -0.0129317   -0.00115736   -0.0712518   -0.0896843   0.0238548   0.0815883   0.0332759   -0.0357859   1   0.100247   -0.0583554   -0.0148571   -0.365459   -0.00685833   -0.0355278   0.0224489   -0.0091446   -0.0293299   -0.0219434   
0.0570069   0.172471   -0.0366469   0.0366333   0.00229263   0.0502328   0.0159481   -0.107956   -0.237761   -0.100552   0.0678201   -0.0992498   -0.183555   -0.143174   -0.0959208   -0.117858   -0.0575198   -0.0882756   -0.095032   -0.0623997   -0.0719982   0.00915054   0.151534   -0.0753497   0.078365   -0.0207622   -0.0708312   0.0971517   0.150196   -0.0808228   -0.1514   -0.00102355   -0.00191041   -0.0277895   -0.15503   -0.0221269   -0.0593366   -0.276635   0.0322868   -0.0818021   0.12687   1   -0.0357859   -0.119775   -0.00824473   -0.00570249   -0.12082   -0.0383212   -0.0164731   0.0284263   -0.0337905   -0.0812443   -0.0230949   
-0.0140616   0.220216   -0.308236   0.0414119   0.0231945   -0.0776389   0.204953   -0.155319   -0.229396   -0.247729   -0.362476   -0.078543   0.0602204   -0.195409   0.341451   0.381552   -0.0885383   0.305873   -0.260105   0.208615   -0.0886374   0.0557677   -0.234542   0.180864   -0.148426   -0.0299129   -0.114009   0.20111   0.268779   0.16103   0.137086   0.000280348   -0.00102639   -0.00937038   -0.0593725   -0.00897658   0.0162017   -0.25387   0.0803235   0.080038   1   0.12687   0.0332759   -0.122686   -0.0464865   -0.00297268   0.0734965   -0.00437559   -0.00894776   0.00833236   -0.00665777   -0.0118119   0.000512202   
-0.0935904   0.0253553   0.261688   0.100644   -0.0976035   0.102996   -0.15552   0.129888   -0.132628   -0.117656   -0.104717   -0.0949354   -0.201053   -0.0722656   0.0247381   -0.14396   -0.0259141   -0.00053386   0.0570373   0.214385   -0.163087   -0.0383501   0.0671604   0.00683291   -0.0581191   -0.103222   0.162972   -0.0014527   0.0657281   -0.200803   0.172489   0.00154845   -0.00225108   -0.00977522   -0.0671461   -0.0102496   0.0213347   -0.163961   -0.0164582   1   0.080038   -0.0818021   0.0815883   -0.0571325   -0.000431695   -0.011973   0.187374   -0.0273598   -0.0411351   0.036035   -0.00913851   -0.0147546   0.0262554   
0.106398   -0.0736891   0.165375   -0.323648   -0.15667   0.0142689   0.410298   0.2324   0.252716   0.0661188   0.0304256   0.283266   -0.228267   -0.331113   0.0200471   -0.278458   -0.0870124   -0.171346   -0.197334   0.0635371   0.109522   0.110884   -0.199084   0.152241   -0.016834   -0.0315767   -0.0977093   0.101934   0.0366809   -0.126738   0.0326806   0.00130885   0.00081156   0.00309419   0.00819338   0.00198552   0.00757758   -0.21753   1   -0.0164582   0.0803235   0.0322868   0.0238548   0.171491   -0.713661   0.0182345   0.0492783   0.00509789   0.0578762   -0.00812062   0.00360116   0.00253703   -0.00635253   
0.0631038   -0.292387   0.163629   -0.170726   0.0806975   -0.291735   0.011336   0.102056   0.0661952   0.0323121   -0.516657   -0.109505   0.177561   -0.0080717   -0.339763   0.0997193   -0.105217   -0.0540713   -0.00874032   -0.2448   0.12369   0.0102966   0.127692   -0.0374957   0.137928   0.0214091   0.149956   -0.234629   -0.268657   -0.098259   -0.07576   -0.00446319   -0.0012822   -0.0370568   -0.197922   -0.0297412   -0.0440923   1   -0.21753   -0.163961   -0.25387   -0.276635   -0.0896843   -0.0278141   0.22863   -0.00877711   -0.249727   -0.0456744   -0.0334865   0.0337276   -0.0393802   -0.0977145   0.0038103   
0.057432   0.0559929   0.0258821   0.0282246   0.00622171   0.019855   -0.0543085   -0.0559608   0.0213079   0.00683804   0.0277999   0.0151669   0.00723568   0.00783687   0.0324967   0.00330056   0.0032991   0.00252789   -0.0778934   0.00424722   -0.0189968   -0.0027451   -0.00609327   0.0203547   -0.0201188   -0.0100433   -0.00218015   0.0366888   0.0538645   -0.085532   -0.0971558   -0.000406894   0.000643435   -0.00420385   -0.0168966   -0.00217148   1   -0.0440923   0.00757758   0.0213347   0.0162017   -0.0593366   -0.0712518   -0.0463427   0.0174449   0.00217495   -0.173056   -0.00206574   0.000696078   0.00170214   -0.00673707   -0.0208995   -0.0130322   
0.0100663   -0.00143162   -0.0132124   -0.00104719   -0.0102784   0.0038314   -0.011479   -0.00948799   -0.0220445   -0.027911   0.00439883   -0.0212628   -0.0253491   -0.0160062   -0.00762131   -0.0200131   -0.00819548   -0.0098766   -0.000203931   0.000322926   0.000875752   0.0047687   0.001561   0.008229   -0.000524365   0.00591707   -0.00496699   0.00429841   -0.000655265   0.00648305   -0.00162726   -0.000175271   -4.69008e-05   -0.00356025   -0.0210641   1   -0.00217148   -0.0297412   0.00198552   -0.0102496   -0.00897658   -0.0221269   -0.00115736   1.29836e-05   -0.00678002   -0.000286227   -0.00728722   -0.00469575   -5.01167e-05   0.00716921   -0.00437067   -0.00991304   -0.000491494   
0.0712232   -0.00530206   -0.103767   -0.00989473   -0.0736185   0.00998623   -0.082858   -0.0703416   -0.17267   -0.18488   0.0397667   -0.143921   -0.171534   -0.089823   -0.0561072   -0.133539   -0.0579438   -0.0644229   0.00543267   0.00119112   0.00541294   0.0347038   0.012882   0.0566855   -0.00366842   0.0399678   -0.027452   0.0256132   -0.00592837   0.0372272   -0.0020985   -0.0020687   -0.00133035   -0.0258639   1   -0.0210641   -0.0168966   -0.197922   0.00819338   -0.0671461   -0.0593725   -0.15503   -0.0129317   -0.00479801   -0.0452377   -0.0058309   -0.0580223   -0.0338161   -0.0136314   0.0253667   -0.0310255   -0.0701208   -0.00580007   
0.0125071   -0.00124688   -0.0193353   -0.00283625   -0.0159285   -0.00125461   -0.0185311   -0.01653   -0.0251517   -0.0285046   0.00794666   -0.0241978   -0.030584   -0.0178063   -0.00840806   -0.0227187   -0.0114868   -0.012593   -0.00186116   0.000145317   -0.000411117   0.00615444   0.00211662   0.0110772   -0.000298996   0.00699792   -0.00468531   0.00551265   0.000138281   0.00742283   -0.000348518   -0.000393343   1.66595e-05   1   -0.0258639   -0.00356025   -0.00420385   -0.0370568   0.00309419   -0.00977522   -0.00937038   -0.0277895   -0.00472963   -0.00159779   -0.00883831   -0.00031125   -0.0167105   -0.00613893   0.000567822   0.0059493   -0.00559996   -0.0130018   -0.00134762   
-0.00536741   0.00131879   0.000761423   0.00103454   0.00105271   0.000985686   0.000882257   -3.71443e-06   -0.00223889   -0.00198341   -0.000977241   -0.00113051   -0.00283891   -0.00224756   -0.00204057   -0.00232737   -0.00158188   -0.00225863   9.04648e-06   -0.00162154   2.80842e-05   0.000474829   -7.05653e-05   0.000862997   -0.000944836   -0.000168696   -0.0003889   0.00143588   0.00139233   0.000952998   -0.000395729   0.000165372   1   1.66595e-05   -0.00133035   -4.69008e-05   0.000643435   -0.0012822   0.00081156   -0.00225108   -0.00102639   -0.00191041   0.00172133   -0.00328063   -0.000936394   -0.000917211   0.00267805   -0.000696472   -3.5732e-05   0.00635587   -2.20906e-05   -0.000293998   0.000482558   
-0.00401349   -0.00371216   -0.00641878   -0.00531327   -0.00670352   -0.0039395   -0.00414625   -0.00229707   -1.88892e-06   -0.000398622   0.00208991   -0.00025084   -0.00145733   -0.00079963   0.00068343   -0.00176761   -0.000733079   -0.000953342   -0.000346904   0.000355742   -0.000851428   0.000256364   9.82506e-05   0.00185435   0.00107271   0.0013569   0.000135918   5.804e-05   -0.00260639   0.00205547   0.00419764   1   0.000165372   -0.000393343   -0.0020687   -0.000175271   -0.000406894   -0.00446319   0.00130885   0.00154845   0.000280348   -0.00102355   -0.00238937   -0.00283291   -0.00126874   0.000449147   -0.00651957   -0.00057561   0.00190734   0.00247905   -0.000545478   -0.00137792   -0.000178343   
0.0622799   0.134677   0.116208   0.172138   0.156624   0.207189   0.207684   0.254968   -0.00812724   -0.0347617   -0.0432515   -0.00187052   -0.00931269   -0.0285757   0.0748285   0.0232741   -0.0200127   0.033206   0.246799   0.0589414   -0.0456578   0.00350266   -0.0467655   0.0282739   -0.0864263   -0.0478156   0.00690373   0.0732254   0.124671   0.292767   1   0.00419764   -0.000395729   -0.000348518   -0.0020985   -0.00162726   -0.0971558   -0.07576   0.0326806   0.172489   0.137086   -0.1514   -0.110327   -0.0976051   -4.09736e-05   0.00207849   -0.205719   -0.00302389   -0.00327715   -0.0127594   0.00282355   -0.01069   0.00190695   
0.0649241   0.173133   -0.0626451   0.20302   0.201086   0.177394   0.176694   0.11452   -0.0165988   -0.00850618   0.04316   -0.00300428   0.10197   0.0643026   0.121115   0.144528   0.0236168   0.0907023   0.226904   0.00108253   -0.0202623   -0.00333398   -0.056833   0.0183036   -0.0725563   0.000471599   -0.0614827   0.0843115   0.126341   1   0.292767   0.00205547   0.000952998   0.00742283   0.0372272   0.00648305   -0.085532   -0.098259   -0.126738   -0.200803   0.16103   -0.0808228   -0.0994361   -0.0962608   0.112083   0.00418453   -0.233088   0.0130705   0.00581547   -0.0143715   0.00303031   -0.0010887   -0.0268752   
-0.00468531   0.192713   -0.0376973   0.118484   0.0576598   0.114509   0.0913629   0.0106966   -0.0813475   -0.0642043   0.0319376   -0.00654265   -0.0289011   -0.0402613   0.135569   0.0602219   0.0123525   0.102567   0.0217032   0.142339   0.00738738   0.0560893   -0.0515511   0.041629   0.0603701   0.155569   0.106448   0.22968   1   0.126341   0.124671   -0.00260639   0.00139233   0.000138281   -0.00592837   -0.000655265   0.0538645   -0.268657   0.0366809   0.0657281   0.268779   0.150196   -0.021396   0.0503012   -0.129584   0.00367096   -0.0428883   0.00534906   0.00864034   -0.00467067   -0.00204214   -0.00179649   0.011113   
-0.00755087   0.157076   -0.0386626   0.0563872   0.0203021   0.0739347   0.0870785   -0.0017631   -0.0394578   -0.0432636   0.0463515   0.0174643   -0.036295   -0.0520134   0.105615   0.0270588   0.0193092   0.109365   -0.0146745   0.194095   0.124415   0.115925   -0.117142   -0.0582   0.111161   0.321091   0.258676   1   0.22968   0.0843115   0.0732254   5.804e-05   0.00143588   0.00551265   0.0256132   0.00429841   0.0366888   -0.234629   0.101934   -0.0014527   0.20111   0.0971517   -0.0172742   0.19152   -0.338058   0.00409472   -0.0184018   0.0217891   0.0128927   -0.0156217   0.00316685   0.0127645   0.0275345   
-0.0343418   0.0103972   0.120889   0.0222863   0.00368029   -0.013601   -0.0705595   0.0386419   -0.0199998   -0.0110304   -0.0764915   -0.0551592   -0.0177487   0.00705689   -0.0887567   -0.0360957   0.0139157   0.0507229   0.0431084   0.132405   0.159347   0.073326   -0.0516998   -0.169245   0.251864   0.452261   1   0.258676   0.106448   -0.0614827   0.00690373   0.000135918   -0.0003889   -0.00468531   -0.027452   -0.00496699   -0.00218015   0.149956   -0.0977093   0.162972   -0.114009   -0.0708312   0.000965058   0.334274   -0.266224   -0.00645606   -0.0280202   0.00459866   -0.0197264   -0.00139756   -0.00409321   -0.0065404   -0.0413883   
-0.0210182   0.0712186   0.0062427   0.0179677   0.0183604   -0.0118978   -0.0141999   -0.0379773   0.00876581   0.0103312   0.018169   0.000992439   0.0248978   0.0226057   -0.00495772   0.0208616   0.0290549   0.0590075   -0.014501   0.0737141   0.101845   -0.00652503   -0.145995   -0.037674   0.384953   1   0.452261   0.321091   0.155569   0.000471599   -0.0478156   0.0013569   -0.000168696   0.00699792   0.0399678   0.00591707   -0.0100433   0.0214091   -0.0315767   -0.103222   -0.0299129   -0.0207622   -9.82964e-05   0.513794   -0.249056   -0.000882654   0.0267632   0.00511085   -0.0010015   0.00962022   0.0088922   0.0182902   -0.0184373   
-0.0281112   0.0416066   0.122969   0.017093   0.0482764   -0.00807414   -0.00657277   0.0135763   0.0216917   0.0368599   -0.0051649   0.00492296   0.011413   0.0241739   -0.0780589   -0.0292054   0.00108078   -0.0749798   -0.00535319   -0.138339   -0.110006   -0.161649   0.0591775   0.322789   1   0.384953   0.251864   0.111161   0.0603701   -0.0725563   -0.0864263   0.00107271   -0.000944836   -0.000298996   -0.00366842   -0.000524365   -0.0201188   0.137928   -0.016834   -0.0581191   -0.148426   0.078365   0.00109144   0.476189   0.118873   -0.00529904   0.022932   -0.016465   -0.0122648   0.00585204   -0.000209842   -0.00343915   0.0462872   
-0.0452991   0.0715136   0.0330742   0.0146871   0.0407544   0.0187473   0.12197   0.0283944   0.0406789   0.00302177   -0.0521559   0.0736894   0.0446482   -0.0163121   0.130276   0.102466   0.0234512   0.0297456   -0.0612821   -0.0460207   -0.12342   -0.00167212   0.242205   1   0.322789   -0.037674   -0.169245   -0.0582   0.041629   0.0183036   0.0282739   0.00185435   0.000862997   0.0110772   0.0566855   0.008229   0.0203547   -0.0374957   0.152241   0.00683291   0.180864   -0.0753497   0.051577   -0.0229665   0.257374   -4.08133e-05   0.0941316   0.0190088   0.00316094   0.00342723   0.0144153   0.0329321   -0.014524   
-0.0493258   -0.00644557   0.110242   0.0662815   0.0408309   0.0260146   -0.108437   0.019585   -0.0461615   0.023233   0.0314149   -0.0552249   0.00312849   0.087464   -0.100208   -0.0231716   0.0910461   0.0374141   0.091361   0.0776202   0.220276   0.348237   1   0.242205   0.0591775   -0.145995   -0.0516998   -0.117142   -0.0515511   -0.056833   -0.0467655   9.82506e-05   -7.05653e-05   0.00211662   0.012882   0.001561   -0.00609327   0.127692   -0.199084   0.0671604   -0.234542   0.151534   -0.0419859   -0.532924   0.203876   -0.00622356   -0.0626466   0.00430247   -0.0187583   -0.0116018   0.00165967   0.00572252   -0.00086003   
-0.000168066   -0.00542082   -0.0120377   -0.0617236   -0.0276991   -0.0323552   0.0597248   0.0147345   0.0192169   -0.00131103   -0.0359454   0.0316406   0.00121478   -0.0364666   0.0243454   0.0373159   0.0754179   0.174121   -0.043121   0.315955   0.474351   1   0.348237   -0.00167212   -0.161649   -0.00652503   0.073326   0.115925   0.0560893   -0.00333398   0.00350266   0.000256364   0.000474829   0.00615444   0.0347038   0.0047687   -0.0027451   0.0102966   0.110884   -0.0383501   0.0557677   0.00915054   -0.0249092   -0.473461   -0.358455   0.00226481   -0.0349873   0.0103167   0.00759001   -0.00429404   0.00691673   0.0156801   -0.00098145   
0.0247088   -0.0663778   -0.000452566   -0.107192   -0.0307869   -0.067282   0.0481522   0.0192373   0.0958753   0.0603818   -0.00646636   0.0648692   0.0380321   -0.000565598   -0.0300366   0.012601   0.0761846   0.130289   -0.0345063   0.24897   1   0.474351   0.220276   -0.12342   -0.110006   0.101845   0.159347   0.124415   0.00738738   -0.0202623   -0.0456578   -0.000851428   2.80842e-05   -0.000411117   0.00541294   0.000875752   -0.0189968   0.12369   0.109522   -0.163087   -0.0886374   -0.0719982   -0.00633672   -0.270299   -0.41431   0.00181168   -0.0483338   -0.00455834   0.00653994   -0.00043439   -0.000388947   -0.0039612   0.0122275   
-0.0403534   0.0787643   -0.0492399   0.0297765   -0.0532483   0.0374493   -0.00840281   -0.0281603   -0.00827039   -0.0201238   0.0492292   0.0426079   -0.0086028   0.00419463   0.172067   0.067248   0.0871702   0.203515   -0.0409774   1   0.24897   0.315955   0.0776202   -0.0460207   -0.138339   0.0737141   0.132405   0.194095   0.142339   0.00108253   0.0589414   0.000355742   -0.00162154   0.000145317   0.00119112   0.000322926   0.00424722   -0.2448   0.0635371   0.214385   0.208615   -0.0623997   0.0683339   -0.176934   -0.319281   -0.00444538   0.14165   -0.0113193   -0.0112738   0.000629307   0.000874938   -0.000193253   0.0230672   
0.0426764   0.0802977   0.150157   0.210689   0.1588   0.225032   0.0186758   0.199182   0.0310731   0.0657704   0.157674   -0.0081953   0.0194039   0.132286   -0.0386512   -0.0604826   0.0560075   -0.0453675   1   -0.0409774   -0.0345063   -0.043121   0.091361   -0.0612821   -0.00535319   -0.014501   0.0431084   -0.0146745   0.0217032   0.226904   0.246799   -0.000346904   9.04648e-06   -0.00186116   0.00543267   -0.000203931   -0.0778934   -0.00874032   -0.197334   0.0570373   -0.260105   -0.095032   -0.0736531   -0.0636618   0.160914   -0.000481436   -0.209537   0.00154804   -0.0094597   0.00171109   -0.00381647   -0.0142089   -0.0533652   
-0.0247442   0.0859167   -0.155223   0.0756181   0.0338107   -0.0299463   -0.019331   -0.107111   -0.0404352   -0.0251082   -0.0619719   -0.00796452   0.140787   0.0774824   0.18789   0.249026   0.0751831   1   -0.0453675   0.203515   0.130289   0.174121   0.0374141   0.0297456   -0.0749798   0.0590075   0.0507229   0.109365   0.102567   0.0907023   0.033206   -0.000953342   -0.00225863   -0.012593   -0.0644229   -0.0098766   0.00252789   -0.0540713   -0.171346   -0.00053386   0.305873   -0.0882756   0.0526592   -0.142799   0.00085744   -0.00792487   0.094706   -0.0379309   -0.0241746   0.0234151   -0.0117568   -0.0295852   0.000280884   
-0.00963464   0.030659   -0.019988   0.0620713   0.0103111   0.0572086   -0.065446   -0.0302979   0.0823053   0.0998951   0.182005   0.0790279   0.0777949   0.143537   0.0922881   0.0466805   1   0.0751831   0.0560075   0.0871702   0.0761846   0.0754179   0.0910461   0.0234512   0.00108078   0.0290549   0.0139157   0.0193092   0.0123525   0.0236168   -0.0200127   -0.000733079   -0.00158188   -0.0114868   -0.0579438   -0.00819548   0.0032991   -0.105217   -0.0870124   -0.0259141   -0.0885383   -0.0575198   0.0549844   -0.0350344   0.0194622   -0.00580457   0.118579   -0.0391026   -0.0165846   0.021385   -0.0130717   -0.0274817   -0.0485793   
-0.00860704   0.0758403   -0.210998   0.0850273   0.0912824   -0.0834622   0.00442614   -0.139063   -0.0453995   -0.0250137   -0.161717   -0.0297097   0.237137   0.104592   0.191286   1   0.0466805   0.249026   -0.0604826   0.067248   0.012601   0.0373159   -0.0231716   0.102466   -0.0292054   0.0208616   -0.0360957   0.0270588   0.0602219   0.144528   0.0232741   -0.00176761   -0.00232737   -0.0227187   -0.133539   -0.0200131   0.00330056   0.0997193   -0.278458   -0.14396   0.381552   -0.117858   0.0319073   -0.0948068   0.225606   -0.0108639   0.0629353   -0.0415662   -0.0337178   0.0299501   -0.0247913   -0.0589748   0.00130911   
-0.0183129   0.14262   -0.159494   0.0937915   0.0124162   0.0727968   0.0426289   -0.0789785   0.0338641   0.0218676   0.122061   0.100262   0.0993344   0.0783338   1   0.191286   0.0922881   0.18789   -0.0386512   0.172067   -0.0300366   0.0243454   -0.100208   0.130276   -0.0780589   -0.00495772   -0.0887567   0.105615   0.135569   0.121115   0.0748285   0.00068343   -0.00204057   -0.00840806   -0.0561072   -0.00762131   0.0324967   -0.339763   0.0200471   0.0247381   0.341451   -0.0959208   0.083882   -0.00786916   -0.0093646   -0.00387276   0.203937   -0.02729   -0.0100857   0.0192449   -0.00856912   -0.0153484   0.00752998   
-0.0234273   0.0201839   -0.041959   0.136566   0.0626593   0.0597703   -0.161617   -0.0634032   0.0819765   0.133978   0.217266   0.0460379   0.165429   1   0.0783338   0.104592   0.143537   0.0774824   0.132286   0.00419463   -0.000565598   -0.0364666   0.087464   -0.0163121   0.0241739   0.0226057   0.00705689   -0.0520134   -0.0402613   0.0643026   -0.0285757   -0.00079963   -0.00224756   -0.0178063   -0.089823   -0.0160062   0.00783687   -0.0080717   -0.331113   -0.0722656   -0.195409   -0.143174   0.0526036   0.000642797   0.249063   -0.0107228   0.108197   -0.0290935   -0.0318313   0.0242147   -0.025472   -0.0470348   0.00820952   
0.0126204   -0.00142024   -0.100144   0.051674   0.0866013   -0.0511051   -0.0146777   -0.0610554   0.082277   0.0893808   -0.0255719   0.0436042   1   0.165429   0.0993344   0.237137   0.0777949   0.140787   0.0194039   -0.0086028   0.0380321   0.00121478   0.00312849   0.0446482   0.011413   0.0248978   -0.0177487   -0.036295   -0.0289011   0.10197   -0.00931269   -0.00145733   -0.00283891   -0.030584   -0.171534   -0.0253491   0.00723568   0.177561   -0.228267   -0.201053   0.0602204   -0.183555   0.0304275   -0.0154294   0.19763   -0.0110225   0.0436253   -0.0385604   -0.0334204   0.0192376   -0.0328196   -0.0707587   0.0167988   
0.0538019   -0.0182742   0.0468988   -0.0666638   -0.0220306   0.0513565   0.116488   0.0765098   0.229566   0.166104   0.185664   1   0.0436042   0.0460379   0.100262   -0.0297097   0.0790279   -0.00796452   -0.0081953   0.0426079   0.0648692   0.0316406   -0.0552249   0.0736894   0.00492296   0.000992439   -0.0551592   0.0174643   -0.00654265   -0.00300428   -0.00187052   -0.00025084   -0.00113051   -0.0241978   -0.143921   -0.0212628   0.0151669   -0.109505   0.283266   -0.0949354   -0.078543   -0.0992498   0.0606123   0.0981739   -0.186386   -0.00136304   0.126898   -0.0269042   -0.00242289   0.0266301   -0.0298918   -0.0540455   -0.00141054   
-0.0122509   0.0943617   -0.00855897   0.119514   -0.0208477   0.23695   -0.107593   -0.0202137   0.161533   0.197823   1   0.185664   -0.0255719   0.217266   0.122061   -0.161717   0.182005   -0.0619719   0.157674   0.0492292   -0.00646636   -0.0359454   0.0314149   -0.0521559   -0.0051649   0.018169   -0.0764915   0.0463515   0.0319376   0.04316   -0.0432515   0.00208991   -0.000977241   0.00794666   0.0397667   0.00439883   0.0277999   -0.516657   0.0304256   -0.104717   -0.362476   0.0678201   0.0686975   0.0968985   -0.0599901   0.00144427   0.167102   0.0103327   0.00991933   -0.0153695   0.0159869   0.0350454   0.0383119   
0.0397288   -0.048608   0.0723234   -0.0192543   0.0141523   0.0436227   0.0147917   0.0616822   0.215347   1   0.197823   0.166104   0.0893808   0.133978   0.0218676   -0.0250137   0.0998951   -0.0251082   0.0657704   -0.0201238   0.0603818   -0.00131103   0.023233   0.00302177   0.0368599   0.0103312   -0.0110304   -0.0432636   -0.0642043   -0.00850618   -0.0347617   -0.000398622   -0.00198341   -0.0285046   -0.18488   -0.027911   0.00683804   0.0323121   0.0661188   -0.117656   -0.247729   -0.100552   0.0415525   0.0791866   -0.0293513   -0.0075109   0.0851954   -0.0323242   -0.0209359   0.013178   -0.0315871   -0.0717528   -0.00782898   
0.0608459   -0.0925312   0.102983   -0.0957101   -0.0102178   0.0232241   0.104501   0.120695   1   0.215347   0.161533   0.229566   0.082277   0.0819765   0.0338641   -0.0453995   0.0823053   -0.0404352   0.0310731   -0.00827039   0.0958753   0.0192169   -0.0461615   0.0406789   0.0216917   0.00876581   -0.0199998   -0.0394578   -0.0813475   -0.0165988   -0.00812724   -1.88892e-06   -0.00223889   -0.0251517   -0.17267   -0.0220445   0.0213079   0.0661952   0.252716   -0.132628   -0.229396   -0.237761   0.0466894   0.127736   -0.161826   -0.00219029   0.0934562   -0.0334462   -0.0055511   0.015637   -0.0302966   -0.0614441   -0.00579263   
0.0943039   -0.00122747   0.26318   0.0211338   0.0922769   0.146714   0.217467   1   0.120695   0.0616822   -0.0202137   0.0765098   -0.0610554   -0.0634032   -0.0789785   -0.139063   -0.0302979   -0.107111   0.199182   -0.0281603   0.0192373   0.0147345   0.019585   0.0283944   0.0135763   -0.0379773   0.0386419   -0.0017631   0.0106966   0.11452   0.254968   -0.00229707   -3.71443e-06   -0.01653   -0.0703416   -0.00948799   -0.0559608   0.102056   0.2324   0.129888   -0.155319   -0.107956   -0.0763659   -0.00973563   -0.121271   0.00478751   -0.214681   -0.015199   0.00550463   0.0125148   -0.0235013   -0.0601683   -0.00337717   
0.122199   0.0565457   0.0740509   -0.0574715   0.0863048   0.066062   1   0.217467   0.104501   0.0147917   -0.107593   0.116488   -0.0146777   -0.161617   0.0426289   0.00442614   -0.065446   -0.019331   0.0186758   -0.00840281   0.0481522   0.0597248   -0.108437   0.12197   -0.00657277   -0.0141999   -0.0705595   0.0870785   0.0913629   0.176694   0.207684   -0.00414625   0.000882257   -0.0185311   -0.082858   -0.011479   -0.0543085   0.011336   0.410298   -0.15552   0.204953   0.0159481   -0.0747275   0.00195515   -0.239638   0.00771575   -0.19521   -0.00771102   0.0182937   -0.00160481   -0.0247974   -0.0501359   0.00424342   
0.0198685   0.152978   0.0969573   0.181372   0.0946977   1   0.066062   0.146714   0.0232241   0.0436227   0.23695   0.0513565   -0.0511051   0.0597703   0.0727968   -0.0834622   0.0572086   -0.0299463   0.225032   0.0374493   -0.067282   -0.0323552   0.0260146   0.0187473   -0.00807414   -0.0118978   -0.013601   0.0739347   0.114509   0.177394   0.207189   -0.0039395   0.000985686   -0.00125461   0.00998623   0.0038314   0.019855   -0.291735   0.0142689   0.102996   -0.0776389   0.0502328   -0.0291755   -0.0187624   0.00957106   0.004586   -0.101943   0.00912665   0.00932316   -0.0129616   -0.00301157   -0.00746306   -0.038676   
0.0436526   0.0939141   0.0286985   0.139073   1   0.0946977   0.0863048   0.0922769   -0.0102178   0.0141523   -0.0208477   -0.0220306   0.0866013   0.0626593   0.0124162   0.0912824   0.0103111   0.0338107   0.1588   -0.0532483   -0.0307869   -0.0276991   0.0408309   0.0407544   0.0482764   0.0183604   0.00368029   0.0203021   0.0576598   0.201086   0.156624   -0.00670352   0.00105271   -0.0159285   -0.0736185   -0.0102784   0.00622171   0.0806975   -0.15667   -0.0976035   0.0231945   0.00229263   -0.0677589   -0.0506208   0.172112   0.00055042   -0.200782   -0.0107422   -0.00502994   0.00500055   -0.0215107   -0.0497183   0.0212945   
-0.0243451   0.17874   -0.0100067   1   0.139073   0.181372   -0.0574715   0.0211338   -0.0957101   -0.0192543   0.119514   -0.0666638   0.051674   0.136566   0.0937915   0.0850273   0.0620713   0.0756181   0.210689   0.0297765   -0.107192   -0.0617236   0.0662815   0.0146871   0.017093   0.0179677   0.0222863   0.0563872   0.118484   0.20302   0.172138   -0.00531327   0.00103454   -0.00283625   -0.00989473   -0.00104719   0.0282246   -0.170726   -0.323648   0.100644   0.0414119   0.0366333   -0.042229   -0.0692258   0.259683   -0.00270757   -0.0856464   -0.00280076   -0.0131378   -0.00790853   -0.00387082   -0.00682278   -0.00181797   
0.0461398   -0.0551989   1   -0.0100067   0.0286985   0.0969573   0.0740509   0.26318   0.102983   0.0723234   -0.00855897   0.0468988   -0.100144   -0.041959   -0.159494   -0.210998   -0.019988   -0.155223   0.150157   -0.0492399   -0.000452566   -0.0120377   0.110242   0.0330742   0.122969   0.0062427   0.120889   -0.0386626   -0.0376973   -0.0626451   0.116208   -0.00641878   0.000761423   -0.0193353   -0.103767   -0.0132124   0.0258821   0.163629   0.165375   0.261688   -0.308236   -0.0366469   -0.0499873   0.0547504   -0.0713505   0.00244874   -0.122661   -0.0298138   -0.000175845   0.0243952   -0.0253327   -0.0589815   -0.0240822   
-0.00315062   1   -0.0551989   0.17874   0.0939141   0.152978   0.0565457   -0.00122747   -0.0925312   -0.048608   0.0943617   -0.0182742   -0.00142024   0.0201839   0.14262   0.0758403   0.030659   0.0859167   0.0802977   0.0787643   -0.0663778   -0.00542082   -0.00644557   0.0715136   0.0416066   0.0712186   0.0103972   0.157076   0.192713   0.173133   0.134677   -0.00371216   0.00131879   -0.00124688   -0.00530206   -0.00143162   0.0559929   -0.292387   -0.0736891   0.0253553   0.220216   0.172471   -0.0326338   -0.0124058   0.0457675   0.00347442   -0.0611283   -0.00176243   0.00692346   -0.0010825   -0.00221136   0.00513211   0.00491118   
1   -0.00315062   0.0461398   -0.0243451   0.0436526   0.0198685   0.122199   0.0943039   0.0608459   0.0397288   -0.0122509   0.0538019   0.0126204   -0.0234273   -0.0183129   -0.00860704   -0.00963464   -0.0247442   0.0426764   -0.0403534   0.0247088   -0.000168066   -0.0493258   -0.0452991   -0.0281112   -0.0210182   -0.0343418   -0.00755087   -0.00468531   0.0649241   0.0622799   -0.00401349   -0.00536741   0.0125071   0.0712232   0.0100663   0.057432   0.0631038   0.106398   -0.0935904   -0.0140616   0.0570069   -0.0284334   0.0084269   -0.0364544   -0.249283   -0.0929059   -0.128166   -0.725319   0.35697   0.0183141   0.0410632   0.0233515   


NLL
429.86155

