NUISANCE_PARAMETERS
AlphaS  -0.000321288 +0.984762 -0.984762
FakeMethod_mumu  0.000547285 +0.985269 -0.985269
FakeStat_mumu  -0.000449205 +0.985929 -0.985929
L1Prefiring  -0.000354744 +0.405089 -0.405089
Lumi  -0.00143187 +0.190587 -0.190587
MuonID  -8.41548e-05 +0.766703 -0.766703
MuonIso  -0.00030013 +0.56277 -0.56277
MuonReco  -0.00108744 +0.511966 -0.511966
MuonRes  -0.00042759 +0.977336 -0.977336
MuonScale  0.000414902 +0.983815 -0.983815
MuonTrigger  0.000408035 +0.790896 -0.790896
PDF  0.000345823 +0.951171 -0.951171
PS_FSR  0.000364353 +0.971506 -0.971506
PS_ISR  3.06062e-05 +0.86556 -0.86556
Pileup  0.000408432 +0.684885 -0.684885
QCDScale  -0.000578417 +0.799007 -0.799007
SigModel  0.000203347 +0.802216 -0.802216
XS_DYtautau  0.000430438 +0.986077 -0.986077
XS_SingleTop  0.000275926 +0.986213 -0.986213
XS_TTbar  -3.8604e-05 +0.983829 -0.983829
XS_WW  0.000182667 +0.986264 -0.986264
XS_WZ  0.000102373 +0.985277 -0.985277
XS_ZZ  -6.30555e-05 +0.986078 -0.986078
gamma_stat_mumu_SR_bin_0  1 +0.000544463 -0.000544463
mu_Z  0.993539 +0.00238828 -0.00238828


CORRELATION_MATRIX
25   25
0.0069255   2.43251e-05   -0.00035004   0.000846205   -0.000451986   -0.000185709   0.000318247   -7.06566e-05   0.00583041   0.00418991   -0.00665969   0.00478786   0.000774409   0.00311933   0.0045504   0.000380591   -0.0013429   0.00501663   0.0099228   0.00316947   0.00798544   -0.0109329   4.50707e-05   -0.000129931   1   
-0.00994808   -0.00253148   -0.000705574   -0.000217645   -1.66322e-05   -0.00100254   -0.000171975   -0.000635681   -0.0026948   -0.00303655   0.00244734   -0.00250581   -0.00252689   -0.00118656   -0.00545735   -0.000572515   0.000432235   -0.00862609   -0.00815473   -0.0065199   -0.00792925   -0.000549684   -0.000527329   1   -0.000129931   
-0.00363438   -0.000255762   -0.000443536   3.29756e-05   0.000362865   -0.000977494   0.000452742   5.56899e-06   -0.000476809   -0.00142733   0.00509175   -0.000681206   -0.000768655   -0.000119082   -0.00332341   -7.97575e-05   0.00100817   -0.00497543   -0.00346254   -0.000164362   -0.00406172   0.00267409   1   -0.000527329   4.50707e-05   
0.157087   0.0272444   0.000455727   0.00805934   0.000157798   0.00215773   0.00161616   -0.00139297   0.077094   0.0853861   -0.149201   0.0717914   0.0109685   0.0422875   0.0771153   0.0089577   -0.0278487   0.120008   0.125784   0.0866099   0.176814   1   0.00267409   -0.000549684   -0.0109329   
-0.18866   -0.035819   -0.0042981   -0.00306997   -0.00175708   -0.0130278   -0.000839688   -0.00536186   -0.0938451   -0.0749324   0.124089   -0.0644415   -0.0278463   -0.0328953   -0.108938   -0.00782499   0.02071   -0.144246   -0.131264   -0.104507   1   0.176814   -0.00406172   -0.00792925   0.00798544   
-0.121506   -0.0217924   -0.00216658   -0.00331054   -0.00136231   -0.00962197   -0.00267898   -0.00492072   -0.056234   -0.0616866   0.0576057   -0.0425744   -0.0167759   -0.0244081   -0.0656567   -0.00633996   0.0116897   -0.0916779   -0.0837901   1   -0.104507   0.0866099   -0.000164362   -0.0065199   0.00316947   
-0.132389   -0.0275432   -0.00374475   -0.00273159   0.000158223   -0.00937139   -0.000694759   -0.00167357   -0.0744964   -0.0820426   0.100666   -0.0590579   -0.0264981   -0.0320301   -0.075194   -0.00694862   0.0167731   -0.134478   1   -0.0837901   -0.131264   0.125784   -0.00346254   -0.00815473   0.0099228   
-0.168115   -0.0318677   -0.00497584   -0.00354757   -0.00385776   -0.0141769   -0.00264881   -0.0054441   -0.0943674   -0.0780493   0.081777   -0.0657097   -0.0307921   -0.0369222   -0.0953624   -0.0121243   0.0144614   1   -0.134478   -0.0916779   -0.144246   0.120008   -0.00497543   -0.00862609   0.00501663   
0.0181162   0.0029395   -9.0182e-05   0.00104337   -0.000377631   6.10976e-05   0.000227495   0.000197483   0.0119853   0.0103272   -0.0130732   0.0110071   0.00135879   0.00636332   0.00956498   0.00198915   1   0.0144614   0.0167731   0.0116897   0.02071   -0.0278487   0.00100817   0.000432235   -0.0013429   
-0.0129888   -0.00202845   -0.000408411   0.000302898   -0.000351687   -0.00133075   0.000130962   -0.000384859   -0.00512478   -0.00669595   0.00855527   -0.00359867   -0.00234664   -0.00240879   -0.00642086   1   0.00198915   -0.0121243   -0.00694862   -0.00633996   -0.00782499   0.0089577   -7.97575e-05   -0.000572515   0.000380591   
-0.110138   -0.0209903   -0.00187501   -0.00367277   -0.00222013   -0.00788434   -0.00327873   -0.0026248   -0.0579064   -0.0555315   0.0609504   -0.0440271   -0.0182746   -0.024074   1   -0.00642086   0.00956498   -0.0953624   -0.075194   -0.0656567   -0.108938   0.0771153   -0.00332341   -0.00545735   0.0045504   
-0.0476476   -0.00820464   -0.00111763   -0.000364165   -0.000405424   -0.00337337   0.000563255   -0.00033864   -0.0178324   -0.0206706   0.0306095   -0.019586   -0.00802421   1   -0.024074   -0.00240879   0.00636332   -0.0369222   -0.0320301   -0.0244081   -0.0328953   0.0422875   -0.000119082   -0.00118656   0.00311933   
-0.0336255   -0.00661279   -0.000879491   -0.000860286   -0.00126021   -0.00237708   -0.00117846   -0.00105909   -0.0202698   -0.0178066   0.0125547   -0.0145135   1   -0.00802421   -0.0182746   -0.00234664   0.00135879   -0.0307921   -0.0264981   -0.0167759   -0.0278463   0.0109685   -0.000768655   -0.00252689   0.000774409   
-0.0887061   -0.0143819   -0.00250917   -0.00146393   -0.00146679   -0.00545806   -0.000775674   -0.000661109   -0.0364133   -0.0465648   0.0540572   1   -0.0145135   -0.019586   -0.0440271   -0.00359867   0.0110071   -0.0657097   -0.0590579   -0.0425744   -0.0644415   0.0717914   -0.000681206   -0.00250581   0.00478786   
0.10929   0.0214563   -0.000513349   0.00622655   0.000556423   0.00264421   0.0026201   -0.000637648   0.0698744   0.0664573   1   0.0540572   0.0125547   0.0306095   0.0609504   0.00855527   -0.0130732   0.081777   0.100666   0.0576057   0.124089   -0.149201   0.00509175   0.00244734   -0.00665969   
-0.119462   -0.0211179   -0.00176233   -0.00228206   -0.00148448   -0.0068138   -0.000619502   -0.0023885   -0.0467484   1   0.0664573   -0.0465648   -0.0178066   -0.0206706   -0.0555315   -0.00669595   0.0103272   -0.0780493   -0.0820426   -0.0616866   -0.0749324   0.0853861   -0.00142733   -0.00303655   0.00418991   
-0.0953141   -0.0181752   -0.00251642   -0.00182197   -0.0019231   -0.00891951   0.000648542   -0.00136121   1   -0.0467484   0.0698744   -0.0364133   -0.0202698   -0.0178324   -0.0579064   -0.00512478   0.0119853   -0.0943674   -0.0744964   -0.056234   -0.0938451   0.077094   -0.000476809   -0.0026948   0.00583041   
-0.00473202   -0.00133507   -0.000570157   2.63001e-05   -0.000776659   -0.00112434   -0.000202299   1   -0.00136121   -0.0023885   -0.000637648   -0.000661109   -0.00105909   -0.00033864   -0.0026248   -0.000384859   0.000197483   -0.0054441   -0.00167357   -0.00492072   -0.00536186   -0.00139297   5.56899e-06   -0.000635681   -7.06566e-05   
-0.00054548   -6.95554e-05   -0.000172945   0.0003147   -0.000196494   -0.000622456   1   -0.000202299   0.000648542   -0.000619502   0.0026201   -0.000775674   -0.00117846   0.000563255   -0.00327873   0.000130962   0.000227495   -0.00264881   -0.000694759   -0.00267898   -0.000839688   0.00161616   0.000452742   -0.000171975   0.000318247   
-0.0145241   -0.00340262   -0.00107468   -0.000399617   -0.000782514   1   -0.000622456   -0.00112434   -0.00891951   -0.0068138   0.00264421   -0.00545806   -0.00237708   -0.00337337   -0.00788434   -0.00133075   6.10976e-05   -0.0141769   -0.00937139   -0.00962197   -0.0130278   0.00215773   -0.000977494   -0.00100254   -0.000185709   
-0.00430965   -0.00182781   -0.000109462   0.00030445   1   -0.000782514   -0.000196494   -0.000776659   -0.0019231   -0.00148448   0.000556423   -0.00146679   -0.00126021   -0.000405424   -0.00222013   -0.000351687   -0.000377631   -0.00385776   0.000158223   -0.00136231   -0.00175708   0.000157798   0.000362865   -1.66322e-05   -0.000451986   
-0.00863761   -0.00151908   -0.000139855   1   0.00030445   -0.000399617   0.0003147   2.63001e-05   -0.00182197   -0.00228206   0.00622655   -0.00146393   -0.000860286   -0.000364165   -0.00367277   0.000302898   0.00104337   -0.00354757   -0.00273159   -0.00331054   -0.00306997   0.00805934   3.29756e-05   -0.000217645   0.000846205   
-0.00668906   -0.00133443   1   -0.000139855   -0.000109462   -0.00107468   -0.000172945   -0.000570157   -0.00251642   -0.00176233   -0.000513349   -0.00250917   -0.000879491   -0.00111763   -0.00187501   -0.000408411   -9.0182e-05   -0.00497584   -0.00374475   -0.00216658   -0.0042981   0.000455727   -0.000443536   -0.000705574   -0.00035004   
-0.0429504   1   -0.00133443   -0.00151908   -0.00182781   -0.00340262   -6.95554e-05   -0.00133507   -0.0181752   -0.0211179   0.0214563   -0.0143819   -0.00661279   -0.00820464   -0.0209903   -0.00202845   0.0029395   -0.0318677   -0.0275432   -0.0217924   -0.035819   0.0272444   -0.000255762   -0.00253148   2.43251e-05   
1   -0.0429504   -0.00668906   -0.00863761   -0.00430965   -0.0145241   -0.00054548   -0.00473202   -0.0953141   -0.119462   0.10929   -0.0887061   -0.0336255   -0.0476476   -0.110138   -0.0129888   0.0181162   -0.168115   -0.132389   -0.121506   -0.18866   0.157087   -0.00363438   -0.00994808   0.0069255   


NLL
38.53340

