TOT_ERROR	0.016327	0.0150592	-0.0148424
STAT_ERROR	-nan	0.00186598	nan
SYST_ERROR	0.01704	0.0142726	-0.0144586
MCSTAT_ERROR	0.00479384	0.00442615	-0.00436046
TOTSYST_ERROR	0.0177015	0.0149432	-0.0151018
STAT_ERR_NO_NF	-nan	0.00186598	nan
NF_ERROR	0	0	-0
alpha_AlphaS	0.000167083	0.000155135	-0.0001529
alpha_ElectronID	4.51749e-05	4.1886e-05	-4.11599e-05
alpha_ElectronRECO	-0.0010915	-0.00102228	0.00100292
alpha_FakeClosure_tautau_c0_hi	0.00032708	0.000304418	-0.000298636
alpha_FakeClosure_tautau_c1_hi	3.63768e-05	3.37612e-05	-3.22399e-05
alpha_FakeClosure_tautau_c1_lo	1.15978e-05	1.06982e-05	-1.07058e-05
alpha_FakeClosure_tautau_c2_hi	0.000181034	0.00016737	-0.000167037
alpha_FakeClosure_tautau_c2_lo	7.84203e-05	7.16311e-05	-7.14317e-05
alpha_FakeMethod_mumu	0.00035699	0.000348665	-0.000325142
alpha_FakeOSSS_tautau_c0	0.000886362	0.000838481	-0.000803565
alpha_FakeOSSS_tautau_c1	6.10244e-06	5.64468e-06	-5.47642e-06
alpha_FakeOSSS_tautau_c2	4.00798e-05	3.75143e-05	-3.64875e-05
alpha_FakeStat_mumu	0.000214924	0.000202551	-0.000197827
alpha_L1Prefiring	0.00359781	0.00396014	-0.00390654
alpha_Lumi	-0.0147918	-0.0120399	0.0118491
alpha_MCStatNorm_WJets_tautau	0.000509695	0.000524814	-0.000458662
alpha_MET_Unclustered	0.00011566	0.000107535	-0.000105654
alpha_MuonID	-0.00135906	-0.00126397	0.00124542
alpha_MuonIso	-0.00202511	-0.00186501	0.00183573
alpha_MuonReco	-0.00611404	-0.00556338	0.00545899
alpha_MuonRes	-0.000153973	-0.000142712	0.000140408
alpha_MuonScale	0.000411423	0.000379692	-0.000374233
alpha_MuonTrigger	-0.00113406	-0.00105024	0.00103392
alpha_PDF	0.000417909	0.000393896	-0.000388153
alpha_PS_FSR	0.000541653	0.000496621	-0.000491148
alpha_PS_ISR	-0.000392597	-0.0003669	0.000355378
alpha_Pileup	0.000733844	0.000669363	-0.000661703
alpha_QCDScale	-0.000996451	-0.000895494	0.000882454
alpha_SigModel_mumu	-0.000449479	-0.000414579	0.000408609
alpha_TauES_DM0	-0.000154044	-0.000143895	0.000140232
alpha_TauES_DM1	-0.000185373	-0.000174501	0.000167428
alpha_TauES_DM10	-8.56181e-06	-7.95122e-06	7.82741e-06
alpha_TauES_DM11	-2.72807e-06	-2.53365e-06	2.49633e-06
alpha_TauFakeEle	3.9207e-05	3.63414e-05	-3.57864e-05
alpha_TauFakeMu	-5.44895e-07	-5.05933e-07	4.98649e-07
alpha_TauID_DM0	9.41596e-05	8.71364e-05	-8.30782e-05
alpha_TauID_DM1	-0.000143817	-0.000134316	0.000128991
alpha_TauID_DM10	-0.000182393	-0.000171093	0.000163851
alpha_TauID_DM11	-0.000133559	-0.000124222	0.000122248
alpha_TauTrigger_DM0	-1.33589e-05	-1.24829e-05	1.22063e-05
alpha_TauTrigger_DM1	-7.17421e-05	-6.70143e-05	6.55178e-05
alpha_TauTrigger_DM10	-0.000122297	-0.000113755	0.000111972
alpha_TauTrigger_DM11	-7.73327e-05	-7.18518e-05	7.07498e-05
alpha_XS_DYll	6.43567e-06	5.9724e-06	-5.88608e-06
alpha_XS_DYlowmass	4.98456e-06	4.62688e-06	-4.55988e-06
alpha_XS_DYtautau	0.00181636	0.00167439	-0.00165809
alpha_XS_DYtautau_nonfid	0.000462829	0.000430585	-0.000423196
alpha_XS_SingleTop	0.000113429	0.000105802	-0.000104088
alpha_XS_TTbar	0.00214463	0.0019553	-0.00196075
alpha_XS_VV	0.000347638	0.000329095	-0.000313381
alpha_XS_WJets	0.000643824	0.000588133	-0.000588874
alpha_XS_WW	0.000135243	0.000126222	-0.000124164
alpha_XS_WZ	-6.43367e-05	-5.98739e-05	5.89418e-05
alpha_XS_ZZ	-4.33581e-05	-4.02972e-05	3.97155e-05
gamma_stat_ee_SR_bin_0	0.00134673	0.00124378	-0.00121732
gamma_stat_ee_SR_bin_1	0.000975083	0.000901041	-0.00088313
gamma_stat_ee_SR_bin_10	0.000644112	0.000595304	-0.000584243
gamma_stat_ee_SR_bin_11	0.000572024	0.000528861	-0.000518979
gamma_stat_ee_SR_bin_12	0.000285781	0.000264277	-0.000259411
gamma_stat_ee_SR_bin_13	-0.000114841	-0.000106134	0.000104206
gamma_stat_ee_SR_bin_14	0.000114946	0.000106214	-0.000104382
gamma_stat_ee_SR_bin_15	0.000728881	0.000673326	-0.000661645
gamma_stat_ee_SR_bin_16	3.94991e-05	3.65303e-05	-3.5884e-05
gamma_stat_ee_SR_bin_17	-0.000116989	-0.000108079	0.000106184
gamma_stat_ee_SR_bin_18	2.40434e-05	2.22374e-05	-2.18684e-05
gamma_stat_ee_SR_bin_19	0.000787603	0.000727016	-0.000714522
gamma_stat_ee_SR_bin_2	0.00112551	0.00103837	-0.00101681
gamma_stat_ee_SR_bin_20	0.000446152	0.000412683	-0.000406049
gamma_stat_ee_SR_bin_21	-0.000340852	-0.000315503	0.000310444
gamma_stat_ee_SR_bin_22	-0.000293742	-0.00027228	0.00026804
gamma_stat_ee_SR_bin_23	-0.000368638	-0.00034181	0.000336867
gamma_stat_ee_SR_bin_24	8.81873e-05	8.16151e-05	-8.04191e-05
gamma_stat_ee_SR_bin_25	-0.000397479	-0.000367294	0.000362122
gamma_stat_ee_SR_bin_26	-0.000407639	-0.000376603	0.000371465
gamma_stat_ee_SR_bin_27	8.35693e-05	7.73466e-05	-7.60864e-05
gamma_stat_ee_SR_bin_28	-0.000765094	-0.000707056	0.000697413
gamma_stat_ee_SR_bin_29	0.000152485	0.000141393	-0.000139497
gamma_stat_ee_SR_bin_3	0.00128269	0.00118334	-0.00115968
gamma_stat_ee_SR_bin_30	-0.000594242	-0.000554911	0.000547368
gamma_stat_ee_SR_bin_31	-8.7521e-05	-8.16857e-05	8.07144e-05
gamma_stat_ee_SR_bin_32	0.000193776	0.000179826	-0.000177356
gamma_stat_ee_SR_bin_33	-8.91678e-05	-8.25922e-05	8.14184e-05
gamma_stat_ee_SR_bin_34	0.000265957	0.000247441	-0.00024332
gamma_stat_ee_SR_bin_35	-6.22355e-05	-5.74968e-05	5.65943e-05
gamma_stat_ee_SR_bin_36	-8.12641e-05	-7.51883e-05	7.40241e-05
gamma_stat_ee_SR_bin_37	-0.000147531	-0.000136382	0.000134196
gamma_stat_ee_SR_bin_38	-0.000162899	-0.00015066	0.000148228
gamma_stat_ee_SR_bin_39	-6.03416e-05	-5.5737e-05	5.47915e-05
gamma_stat_ee_SR_bin_4	0.000679141	0.000626875	-0.000615033
gamma_stat_ee_SR_bin_40	-0.000515912	-0.000476244	0.00046817
gamma_stat_ee_SR_bin_41	-0.000121867	-0.000112613	0.000110657
gamma_stat_ee_SR_bin_42	-0.000615568	-0.000568464	0.000558371
gamma_stat_ee_SR_bin_43	-3.6985e-05	-3.41718e-05	3.35984e-05
gamma_stat_ee_SR_bin_44	-0.000518402	-0.000479008	0.000469959
gamma_stat_ee_SR_bin_45	0.000142181	0.00013139	-0.000128953
gamma_stat_ee_SR_bin_46	-8.66172e-05	-8.00665e-05	7.85342e-05
gamma_stat_ee_SR_bin_47	-0.000425527	-0.000392991	0.000384716
gamma_stat_ee_SR_bin_48	-3.7546e-05	-3.47192e-05	3.40525e-05
gamma_stat_ee_SR_bin_49	0.000148765	0.000137214	-0.000135238
gamma_stat_ee_SR_bin_5	0.000988045	0.00091324	-0.000894826
gamma_stat_ee_SR_bin_50	-0.000175545	-0.000162358	0.000159127
gamma_stat_ee_SR_bin_51	0.000114741	0.000106299	-0.00010407
gamma_stat_ee_SR_bin_52	-0.000143699	-0.000133045	0.000130229
gamma_stat_ee_SR_bin_53	0.000231184	0.000214082	-0.000209513
gamma_stat_ee_SR_bin_54	-0.000268548	-0.000247696	0.00024413
gamma_stat_ee_SR_bin_55	-3.64673e-05	-3.3752e-05	3.29748e-05
gamma_stat_ee_SR_bin_56	-0.000160316	-0.000148418	0.000145152
gamma_stat_ee_SR_bin_57	0.000254228	0.000235555	-0.000230267
gamma_stat_ee_SR_bin_58	0.000139546	0.000129457	-0.000126441
gamma_stat_ee_SR_bin_59	0.000437534	0.000403561	-0.00039775
gamma_stat_ee_SR_bin_6	0.000427151	0.000393984	-0.000388311
gamma_stat_ee_SR_bin_7	0.00138365	0.00127811	-0.00125209
gamma_stat_ee_SR_bin_8	0.00110176	0.0010179	-0.000997441
gamma_stat_ee_SR_bin_9	0.000621124	0.000574082	-0.000563032
gamma_stat_mumu_SR_bin_0	0.000679946	0.000631688	-0.000620407
gamma_stat_mumu_SR_bin_1	0.00112653	0.00104237	-0.00102426
gamma_stat_mumu_SR_bin_10	0.000645756	0.00059835	-0.000587671
gamma_stat_mumu_SR_bin_11	0.000873007	0.000810256	-0.000794318
gamma_stat_mumu_SR_bin_2	-0.000737398	-0.000683295	0.00067167
gamma_stat_mumu_SR_bin_3	-0.000711855	-0.000658495	0.000648918
gamma_stat_mumu_SR_bin_4	-0.00108683	-0.00100601	0.000990582
gamma_stat_mumu_SR_bin_5	4.71169e-05	4.37556e-05	-4.31176e-05
gamma_stat_mumu_SR_bin_6	-0.000391678	-0.000363741	0.000358245
gamma_stat_mumu_SR_bin_7	-8.53023e-05	-7.9181e-05	7.80412e-05
gamma_stat_mumu_SR_bin_8	8.62001e-05	7.97372e-05	-7.846e-05
gamma_stat_mumu_SR_bin_9	0.000136658	0.000126505	-0.000124341
gamma_stat_tautau_SR0_bin_0	-0.000186802	-0.000173594	0.000169084
gamma_stat_tautau_SR0_bin_1	-1.00522e-05	-9.31777e-06	9.1039e-06
gamma_stat_tautau_SR0_bin_2	-2.05746e-05	-1.90312e-05	1.86821e-05
gamma_stat_tautau_SR0_bin_3	5.51474e-06	5.10245e-06	-5.00361e-06
gamma_stat_tautau_SR0_bin_4	9.27649e-05	8.58873e-05	-8.40862e-05
gamma_stat_tautau_SR0_bin_5	6.71929e-05	6.23355e-05	-6.09728e-05
gamma_stat_tautau_SR0_bin_6	0.000381226	0.000352849	-0.000345765
gamma_stat_tautau_SR1_bin_0	9.93254e-06	1.08224e-05	-7.73542e-06
gamma_stat_tautau_SR1_bin_1	5.5147e-05	5.24679e-05	-4.87981e-05
gamma_stat_tautau_SR1_bin_10	0.000283603	0.000277386	-0.000245907
gamma_stat_tautau_SR1_bin_11	-4.59881e-05	-5.02925e-05	3.54519e-05
gamma_stat_tautau_SR1_bin_12	0.000195873	0.000215289	-0.000150863
gamma_stat_tautau_SR1_bin_13	8.57662e-05	8.70639e-05	-7.19692e-05
gamma_stat_tautau_SR1_bin_2	3.21919e-05	3.0287e-05	-2.8823e-05
gamma_stat_tautau_SR1_bin_3	8.53829e-05	8.01829e-05	-7.64831e-05
gamma_stat_tautau_SR1_bin_4	-0.000297495	-0.000278409	0.000267722
gamma_stat_tautau_SR1_bin_5	-4.29859e-06	-4.01608e-06	3.8681e-06
gamma_stat_tautau_SR1_bin_6	5.59771e-05	5.22423e-05	-5.04089e-05
gamma_stat_tautau_SR1_bin_7	-0.000140793	-0.000131281	0.000127118
gamma_stat_tautau_SR1_bin_8	9.47942e-05	8.90178e-05	-8.50059e-05
gamma_stat_tautau_SR1_bin_9	5.85726e-05	5.53263e-05	-5.22051e-05
gamma_stat_tautau_SR2_bin_0	-2.66567e-06	-2.56243e-06	1.0727e-18
gamma_stat_tautau_SR2_bin_1	0.000288359	0.000278039	-0.000252447
gamma_stat_tautau_SR2_bin_10	0.000439678	0.000444828	-0.000368014
gamma_stat_tautau_SR2_bin_11	0.000245682	0.000252406	-0.000202867
gamma_stat_tautau_SR2_bin_12	9.15449e-05	0.000147671	-4.31053e-05
gamma_stat_tautau_SR2_bin_13	0.000159531	0.000167271	-0.000129489
gamma_stat_tautau_SR2_bin_2	0.000211262	0.000199322	-0.000188492
gamma_stat_tautau_SR2_bin_3	-0.000100626	-9.41826e-05	9.04759e-05
gamma_stat_tautau_SR2_bin_4	-2.58108e-05	-2.40977e-05	2.327e-05
gamma_stat_tautau_SR2_bin_5	-0.000424193	-0.000396378	0.000382
gamma_stat_tautau_SR2_bin_6	4.1898e-06	3.9341e-06	-3.75628e-06
gamma_stat_tautau_SR2_bin_7	-3.76714e-05	-3.58872e-05	3.34597e-05
gamma_stat_tautau_SR2_bin_8	-1.65663e-05	-1.61147e-05	1.44322e-05
gamma_stat_tautau_SR2_bin_9	0.000276784	0.0002729	-0.000236621

